179
7597 12468 175
3713 4498 200
4632 7224 130
481 481 96
13454 13454 105
2554 4218 130
4738 9836 130
8847 5823 130
14462 4635 130
2840 7685 194
2547 9517 130
4314 4314 105
9659 4394 193
6182 2607 175
12009 12009 105
13042 13042 97
7007 7007 105
12377 12377 105
1641 1641 96
12028 3159 130
12183 12183 105
5414 12655 130
9915 9915 97
3449 10061 130
13771 13771 105
5621 5621 105
11361 732 130
13692 13472 130
2100 4820 194
14144 14144 105
8148 8148 105
8105 8105 97
6284 10128 200
12024 7196 175
5851 5851 96
6499 13677 130
7664 13350 130
948 948 105
10499 7418 200
5295 5295 233
10477 10477 105
6846 6846 105
7552 13467 130
701 11079 130
7798 7798 105
6705 875 130
2352 13727 194
10823 13279 194
2007 8787 175
1940 13345 233
10410 1404 130
10893 11605 175
90 8767 130
5851 5851 97
6569 6569 172
6775 9123 130
4553 4553 105
892 8554 200
7634 4184 130
14484 627 233
3621 8805 130
5398 5398 105
7439 7439 97
5190 5190 105
7664 2405 130
7870 11605 175
3479 8533 130
7710 7710 172
8451 7578 130
1664 12847 193
5547 5547 97
13200 13200 97
10992 12693 130
7753 7753 96
5660 5660 105
6177 6177 105
2431 2431 105
8826 1423 175
1611 1611 105
10403 840 194
3570 7222 200
8105 8105 96
8446 6612 200
11734 6421 200
14429 6056 130
12248 12248 105
12528 12528 105
10019 4660 130
10385 10385 105
11470 13462 130
4654 4654 105
8973 8973 105
2554 7248 130
11364 11364 233
4181 4181 105
2435 2435 105
12832 5257 233
9046 5945 200
5039 5039 105
14218 7200 130
1082 12020 130
14104 12996 130
3729 7466 194
2834 2834 96
6531 6531 105
12433 208 130
12488 12488 105
10488 12235 175
10626 10300 175
14409 14409 105
2889 2627 130
9994 2481 233
8725 8725 105
7466 3623 130
1 1 96
5891 5891 96
689 1561 175
14206 1556 200
3789 3789 97
4060 4060 97
7288 9887 130
9987 3468 175
12389 4754 130
6937 6937 105
5972 5972 105
11020 8808 175
8270 8270 105
13042 13042 96
13546 2616 130
2854 7414 130
4314 11732 130
3461 3461 97
14035 14035 105
6744 4761 175
2501 12375 194
7070 5848 130
10956 4380 130
7279 13838 130
2379 2379 105
11278 11278 105
13376 13376 105
6140 5601 175
9214 9214 96
3874 4004 175
969 9625 130
13242 13242 105
9281 3957 130
4060 4060 96
6037 10521 130
5972 4949 130
13734 13734 105
8079 7911 130
7235 4842 175
4399 8841 194
3789 3789 96
6548 6548 233
6850 6850 105
8177 8177 233
481 481 97
8728 8728 105
2554 12464 130
9915 9915 96
11827 5933 194
1032 68 175
2834 2834 97
9299 9299 105
9573 9573 233
1916 4127 175
8072 7466 194
1742 1742 97
5762 2761 130
154 13899 194
2371 4524 130
7403 1753 130
6007 6007 105
13136 1405 233
14519 6311 130
12158 12158 105
8657 8657 105
