561
391 3313 73
7005 8737 38
7005 5905 38
6046 13799 60
14101 12129 38
1262 13539 38
10194 5421 216
8625 3208 210
10273 12218 226
1261 3484 73
9881 2586 88
4586 2782 60
13426 9592 88
1672 6473 38
1672 5636 38
10889 6437 38
12389 11256 104
10781 8047 38
12614 3871 205
2907 7390 212
12302 400 38
14101 6046 38
14101 6029 38
5478 10562 38
1262 5330 38
1727 10225 38
582 2194 73
8026 1254 38
1261 8075 73
1598 6347 88
8661 12247 38
13639 5847 210
10335 697 38
13426 272 88
5695 5220 226
14169 6989 88
1672 10203 38
8999 3313 38
1948 10439 38
12389 4534 104
12389 1569 104
7225 3646 176
5882 3483 73
7724 8095 88
7106 3640 38
1729 7342 88
1262 4694 38
8625 1478 210
10311 11202 38
1261 13397 73
2361 2805 38
13880 9118 88
4582 538 88
11377 9492 38
13426 9681 88
5924 12881 88
10889 4986 38
14104 811 104
8429 10319 38
7148 10863 73
7106 13198 38
7106 27 38
11892 14498 73
1727 8915 38
11756 3769 38
7982 7121 38
8661 1961 38
11751 4794 38
11751 403 38
12295 8826 88
12295 11964 88
13381 2184 73
4917 3074 176
8494 1705 38
8429 5252 38
11378 5844 88
7724 8892 88
7005 12057 38
2907 1389 212
1727 2718 38
1727 459 38
1727 5248 38
1405 11675 38
10273 1535 226
746 10803 88
10362 9295 60
1261 10655 73
1261 10264 73
11909 1010 216
7982 11171 38
13639 2219 73
11377 3147 38
1050 617 73
13426 14201 88
8207 9 60
2691 7659 88
13932 3676 88
7724 4364 88
12112 2811 38
1727 12469 38
11124 6797 38
10311 12869 38
6786 3069 73
6520 5716 38
8661 10677 38
13937 13519 212
10505 5395 88
5146 10507 88
8295 13312 38
7225 4633 176
7005 13970 38
2112 14106 210
11892 7135 73
11326 13533 73
8193 4180 38
1727 7630 38
1727 6988 38
1727 8611 38
8625 511 210
1261 10830 73
13880 4489 88
9346 1028 216
10176 10187 73
10339 13918 38
4917 3646 176
14169 3504 88
7021 11272 38
10889 7114 38
1948 345 38
12389 9514 104
12389 7891 104
12389 1025 104
12389 2120 104
6992 13837 60
7005 1598 38
7005 6467 38
7005 7461 38
13684 10226 88
2112 13328 210
11326 742 73
2738 1847 60
12912 3483 38
11952 10130 88
1727 248 38
1727 3315 38
1727 3187 38
1354 9960 73
9992 11028 73
6520 13415 38
1261 6005 73
1261 4642 73
11756 3570 38
8661 1334 38
4582 937 88
14294 5831 73
12767 7663 205
11751 12845 38
9585 13785 73
6664 765 60
12389 11343 104
12389 13625 104
8785 7308 88
3713 2624 88
14101 13661 38
5478 11588 38
1405 5719 38
1261 13141 73
7207 4791 60
1497 13165 73
14420 4745 88
5695 11772 226
10889 2506 38
12389 754 104
12389 3718 104
12389 12701 104
7244 11183 88
7005 8875 38
7106 7372 38
5478 12984 38
1727 11034 38
1727 10664 38
1727 210 38
1727 6664 38
10311 10558 38
2361 3686 38
8661 5917 38
5788 2318 38
14294 12852 73
10185 5492 73
4191 13539 73
5695 11471 226
1672 5640 38
1533 5052 38
1533 1786 38
1533 12662 38
12389 3848 104
12389 7815 104
12389 10788 104
12389 14394 104
7225 7044 176
12912 7118 38
1727 8922 38
6520 7054 38
13639 2813 210
1497 5380 73
5189 9246 88
1393 7954 38
4191 8867 73
5695 535 226
5695 13715 226
7215 7514 88
11040 4731 38
10889 13059 38
10781 10677 38
7005 1609 38
2907 12086 212
11892 2836 73
2442 2220 38
1727 6949 38
10311 11304 38
3190 5900 88
12367 71 210
11756 508 38
8661 12405 38
13880 5171 88
1050 8128 88
13426 1614 88
9585 10327 73
3990 8096 88
7225 914 176
7225 1228 176
7106 13237 38
7106 8679 38
11326 715 73
3186 2114 60
1262 1992 38
1727 513 38
1261 8690 73
1261 14343 73
11756 7791 38
8665 7316 38
10339 10125 38
10339 8016 38
11751 3797 38
12111 11725 60
12111 2807 60
11824 4320 38
13518 11216 73
10505 6792 88
9585 12597 73
185 3244 210
10889 1794 38
12389 3202 104
12389 4206 104
6159 8268 60
7724 8044 88
7106 9938 38
3412 8574 38
612 3632 73
1261 6623 73
5742 13862 216
12767 11893 205
1050 12026 73
1050 4458 73
5695 10038 226
12389 5944 104
12389 11960 104
5882 1650 73
3663 6625 60
8229 2417 88
7106 5567 38
11632 10710 60
14101 6050 38
1727 5053 38
10311 592 38
6786 10656 73
1261 5001 73
11909 1772 216
8661 7631 38
8661 12497 38
8665 11013 38
11751 7411 38
607 3470 38
13937 11536 212
10815 12721 38
853 60 73
10177 2952 212
1672 8454 38
10889 12265 38
9904 11593 88
13247 12647 176
12389 6816 104
12389 7707 104
12389 9446 104
7225 8677 176
12324 2641 88
7005 413 38
14205 13672 88
14205 4113 88
7398 4305 104
1727 7094 38
10311 4260 38
8026 12193 38
2306 4872 73
11756 5865 38
8665 13012 38
11751 6647 38
10815 8676 38
5695 8398 226
6082 13565 38
12389 1868 104
10781 7129 38
11378 5732 88
1727 5958 38
1727 7937 38
582 3703 73
582 9860 73
4582 9150 88
14294 3393 73
14294 8300 73
12295 10475 88
5189 8179 88
7021 7545 38
1533 2772 38
7005 12426 38
4158 6628 38
1727 1707 38
1727 12814 38
1727 2420 38
10481 2123 210
2306 10758 73
7982 14377 38
8661 3518 38
12814 12056 60
11824 6338 38
4917 2733 176
9585 9324 73
12389 11352 104
12389 2299 104
7005 12522 38
8824 1786 38
14101 5820 38
5375 13522 73
1727 11606 38
1727 3246 38
1727 2032 38
1727 5837 38
8661 3960 38
13880 12168 88
11377 11015 38
14294 10163 73
13426 1911 88
14169 12777 88
1948 11543 38
12389 10752 104
12389 332 104
7225 4505 176
7005 6378 38
5220 1866 88
7982 14234 38
8661 10564 38
12767 7070 205
10815 8959 38
13426 3001 88
12206 8219 73
7215 11296 88
10889 2128 38
10889 3006 38
10889 14037 38
9394 1982 88
1948 5654 38
8429 71 38
7225 1534 176
7225 12133 176
13693 4363 38
3264 6257 73
391 5717 73
2986 13288 73
7106 8352 38
1727 3069 38
4875 5885 38
11756 8446 38
197 11401 38
12814 4489 60
1050 405 73
480 11954 88
3786 14472 73
3786 3775 73
14420 1813 88
10505 2102 88
10889 3193 38
5423 5755 38
12389 9002 104
12389 9939 104
3908 12296 73
7005 5598 38
13684 10730 88
5375 9153 73
1727 7677 38
1261 12606 73
4582 2114 88
13639 304 73
13719 1548 38
10815 13876 38
1393 5527 38
6940 952 88
7021 7783 38
12206 8037 73
10889 12876 38
8295 9582 38
12389 10692 104
12389 1605 104
12389 823 104
12389 10954 104
7106 9010 38
1262 8929 38
1727 8402 38
582 1070 73
10273 5509 226
2345 7723 88
3190 5676 88
1261 1640 73
10200 7307 38
14294 8816 73
8665 3570 38
8665 9869 38
1050 1984 73
12295 12777 88
9585 7758 73
185 1855 210
10889 441 38
10889 10372 38
1533 12539 38
12389 1492 104
7225 10260 176
4224 9869 73
11378 4969 88
7005 1934 38
7005 5896 38
1826 3769 73
1727 4496 38
197 12097 38
8665 9109 38
12767 13594 205
10339 812 38
1710 13762 216
10815 2209 38
11824 7696 38
1672 12086 38
12389 11341 104
12389 7691 104
7225 6470 176
5478 9791 38
2442 13012 38
1727 1599 38
3190 1969 88
1261 6692 73
7982 13197 38
8661 4210 38
5451 13104 73
6541 5625 73
11751 4137 38
12295 12744 88
10815 5160 38
13518 12026 73
13518 13356 73
4917 10234 176
9523 7539 73
10889 3991 38
12389 11785 104
7225 9833 176
3264 8751 73
7005 13389 38
13684 3761 88
11451 500 226
13390 5648 88
7106 1214 38
7106 14044 38
1262 9582 38
1727 532 38
1727 9568 38
14294 2510 73
12814 10976 60
1050 12597 73
10815 12333 38
13949 4670 216
4663 282 38
9523 4134 73
1133 9840 60
12389 7315 104
2131 13977 88
7225 10661 176
7225 5497 176
7225 9816 176
2907 3068 212
5478 5525 38
11952 12555 88
1727 4501 38
1727 2004 38
1727 4731 38
1727 5640 38
1727 9675 38
10311 1347 38
10481 4921 210
6520 11277 38
8661 8867 38
1497 2880 73
379 12319 60
853 10855 73
185 1698 210
8295 12038 38
12389 6486 104
12389 2622 104
12389 6779 104
7225 6526 176
7005 6517 38
11451 9831 226
10384 6542 73
1727 14430 38
6520 5853 38
10815 10202 38
13426 4837 88
10889 4994 38
13247 7070 176
12389 1019 104
7225 13736 176
4224 3573 73
7005 4533 38
7005 9444 38
7106 11148 38
1727 5535 38
3190 218 73
9992 450 73
8661 9441 38
10815 1389 38
6948 10165 88
13949 13145 216
9585 11887 73
10889 487 38
10889 13525 38
10889 5247 38
14400 4746 210
8494 5224 38
3264 12881 88
7005 5509 38
7005 5555 38
2907 7800 212
14101 11116 38
1727 12280 38
1405 346 38
884 10359 210
1261 7637 73
197 6437 38
9648 6641 88
5695 8645 226
5695 4604 226
2668 10314 73
1533 3093 38
12389 1819 104
7225 3074 176
11378 5044 88
