46
28	23	49	111	65	32	72	1	24	117	71	81	86	94	41	131	38	124	13	83	40	100	115	27	36
28	44	50	63	28	27	123	20	21	38	36	77	87	111	78	89	134	99	106	73	132	10	5	113	109	81	57	100	49	29	82	19	52	80	90	103	59	53	91	70	84	1	65	94	24	86
5	17	81	50	19	77	127	100	76	79	49	57	88	75	89	73	42	120	125
5	18	21	59	73	99	57	63	113	100	52	87	89	77	5	28	49	50	19	81
43	133	115	112	31	126	95	48	4	104	61	76	72	111	74	37	42	100	78	57	89	106	47	19	50	131	66	53	25	58	125	94	91	102	85	5	105	41	79	62	86	59	65	117	46	103	23	17	39	15	70	34	8	132	16	36	118	114	26	29	98	63	133	96	28	60	32	129	77	9	33	124	119	7	6	69	43	12	90	116	21	82	81	14	10	110	22	13	123	87	30	109	24	88	80	11	55	93	38	99	40	56	49	0	84	1	83	134	67	68	101	64	73	71	121	130	113	75	122	20	35	92	54	51	45	2	127	120	128	44	27	52	97	18	3
43	46	107	2	47	66	9	93	124	18	118	98	81	108	116	103	45	73	129	21	117	83	80	56	23	120	64	63	67	14	60	37	3	0	112	127	92	76	101	123	131	126	19	20	95	87	58	59
27	56	89	7	78	31	82	126	113	134	19	65	55	20	87	59	28	77	5	104	100	63	10	57	15	29	106	30	50	21	11	60	64	70	105	99	49	97	8	34	37	73	71	125	47	81	53	48	35	95	103	116	88	102	120	109	91	123
27	47	50	113	77	5	21	28	122	73	36	12	99	42	131	9	87	116	27	118	59	56	57	63	19	89	38	76	25	17	115	4	125	16	74	124	1	58	39	128	120	41	23	72	46	51	88	40	22
26	36	103	120	91	69	89	75	125	78	88	127	123	90	50	22	80	79	106	84	100	53	70	20	77	82	109	57	19	6	10	52	73	49	29	81	134	42
26	23	81	23	42	57	77	50	46	100	92	49	19	73	43	22	52	69	89	1	61	39	76	51	128
13	45	22	102	31	15	47	74	104	16	60	131	118	30	37	126	10	1	115	11	38	27	36	34	128	20	82	105	8	7	51	9	35	29	17	53	12	134	58	95	25	122	4	70	39	46	55
13	45	128	70	95	105	16	134	17	60	64	12	56	35	34	20	29	11	53	25	58	55	27	8	9	38	23	82	15	37	74	39	4	104	10	122	30	126	102	118	7	36	46	1	31	22	115
19	42	42	19	113	89	57	50	77	5	87	28	52	81	3	45	73	110	49	99	59	76	100	26	21	63	116	2	0	24	125	75	112	119	62	44	88	14	69	94	85	121	133	120
19	29	116	49	3	81	63	88	110	50	59	113	5	120	89	106	78	109	45	19	28	87	52	21	73	100	103	99	57	77	125
40	21	20	29	50	82	19	10	57	77	73	52	78	95	34	53	134	70	89	55	49	100	81
40	18	81	5	77	19	28	49	100	57	89	21	73	87	99	50	59	113	52	63
36	17	50	57	89	77	73	21	49	100	52	99	28	81	19	113	59	5	87
36	13	51	89	128	57	39	46	22	44	23	19	52	87	113
14	10	39	128	22	46	106	78	91	23	51	123
14	11	96	114	66	34	67	48	101	54	68	97	95
29	30	51	32	89	59	113	5	41	21	124	86	71	63	22	28	99	77	128	83	111	57	39	50	19	65	73	46	23	72	87	40
29	28	96	15	10	53	48	68	20	114	70	67	29	132	134	102	60	104	66	82	30	54	46	7	86	101	31	126	65	128
12	10	87	77	19	57	73	89	50	76	113	42
12	10	113	50	57	89	19	73	77	42	87	76
32	2	111	24
32	3	132	86	24
30	16	50	73	5	77	28	63	21	99	19	113	57	87	59	116	89	125
30	33	122	21	28	113	27	77	74	131	50	99	116	63	19	87	57	38	115	1	16	17	36	25	5	59	73	12	89	58	118	56	9	88	4
9	16	28	73	100	89	19	57	49	77	87	5	50	79	75	59	113	99
9	17	21	81	49	50	73	77	52	99	89	59	28	100	127	57	5	113	79
2	11	29	10	53	82	52	134	20	55	95	34	70
2	14	83	13	111	32	99	113	71	28	59	5	86	87	21	65
15	135	65	13	116	49	118	46	2	31	51	89	45	125	119	7	134	38	37	80	18	77	79	22	110	63	68	90	1	76	6	93	92	27	41	32	129	15	108	122	23	113	5	62	25	82	34	55	109	69	74	111	42	131	104	130	43	97	81	107	67	91	121	83	57	60	103	132	9	112	54	39	10	12	30	73	105	75	20	33	101	59	133	16	78	26	99	28	66	21	50	19	72	48	56	8	17	88	114	100	128	126	70	29	96	35	14	53	102	3	36	11	52	44	40	94	87	85	120	127	71	58	61	95	115	84	123	124	98	0	64	47	117	4	24	86	106
15	2	43	92
41	13	81	65	117	86	49	32	13	111	71	83	100	24	132
41	21	74	32	12	118	17	38	58	25	131	56	115	27	4	16	122	111	36	86	9	1	65
0	4	109	91	106	123
0	45	5	77	102	10	64	19	35	53	57	87	70	89	30	55	21	28	113	34	63	105	50	85	99	132	95	29	7	20	104	47	42	73	116	126	82	134	59	60	44	31	37	11	76	15	8
3	5	78	95	101	34	54
3	7	19	57	50	77	73	52	89
20	38	53	37	82	104	34	20	1	38	105	126	12	31	54	55	132	134	64	114	95	8	10	102	97	11	98	70	67	47	7	60	29	15	101	27	35	96	30	36
20	10	81	57	77	73	19	89	50	49	100	52
25	2	10	75
25	21	27	38	1	50	89	100	52	59	49	81	73	19	99	21	63	87	77	28	57	5	113
42	6	95	78	34	54	101	51
42	12	79	52	77	100	89	19	73	81	49	39	57	50
7	4	127	79	26	75
7	31	73	59	6	80	50	5	57	42	21	87	99	76	120	19	89	130	90	106	77	113	63	109	28	123	78	88	91	84	103	125	129
6	6	106	109	34	79	95	51
6	10	52	19	50	57	89	81	77	49	73	100
45	15	17	46	4	23	118	22	128	25	12	16	39	9	74	51	58
45	3	120	125	88
22	27	35	8	7	34	37	95	60	53	98	132	64	10	134	104	97	20	70	126	11	29	31	15	105	30	47	82	55
22	1	96
17	5	42	76	133	61	62
17	26	118	1	17	4	9	131	16	15	38	39	51	56	128	122	58	71	36	25	115	27	74	23	22	12	31	46
39	3	72	41	51
39	5	39	124	72	40	41
16	2	109	106
16	39	59	37	11	34	53	102	95	15	29	8	104	35	63	5	47	31	10	55	113	60	116	7	28	87	20	64	126	30	89	73	70	134	82	50	21	57	99	105	19
34	10	78	123	84	109	90	106	80	91	130	103
34	5	92	43	106	78	109
31	4	75	85	76	42
31	42	47	55	121	98	28	21	82	59	87	133	99	5	69	102	37	134	10	30	53	62	113	20	132	104	35	2	11	15	60	34	31	7	24	8	105	126	29	94	112	64	95	97
18	13	77	73	5	28	59	99	19	57	113	89	21	50	87
18	13	89	19	113	21	57	87	28	77	50	99	73	59	5
37	2	132	111
37	8	60	30	31	104	126	15	102	132
11	6	39	22	23	46	51	128
11	15	129	80	120	125	130	84	123	6	91	90	109	106	78	88	103
10	14	66	0	24	44	5	32	86	94	85	119	87	111	132	65
10	9	106	120	119	28	44	87	83	78	5
23	2	106	109
23	26	64	55	29	132	53	34	30	15	37	102	104	20	70	7	60	47	11	105	126	10	8	35	82	31	134	95
33	5	40	124	41	72	71
33	11	91	106	109	103	84	90	80	59	78	123	99
44	2	13	86
44	3	32	111	86
8	9	83	86	71	24	65	13	32	111	54
8	4	132	86	111	96
35	4	111	94	65	86
35	4	24	32	86	111
38	2	111	24
38	2	24	32
4	2	125	19
4	2	0	50
24	5	24	132	86	111	13
24	6	32	13	65	132	86	24
1	1	132
1	1	86
21	1	51
21	2	92	43
