653
7 104 13
42 93 43
94 21 28
57 19 43
102 59 27
19 5 27
98 92 15
75 99 7
37 107 43
89 88 27
3 73 19
15 34 13
82 50 27
34 28 27
13 25 41
86 126 29
99 5 30
100 58 41
11 77 20
53 32 2
40 109 28
87 28 9
10 77 20
70 57 27
34 81 40
85 21 31
73 63 27
100 92 15
86 24 35
70 5 2
53 98 43
113 87 43
9 125 45
94 78 28
18 43 15
11 28 27
57 9 27
28 58 27
22 101 14
3 59 19
95 57 42
13 77 28
50 109 19
29 28 2
73 52 40
89 19 12
131 118 13
19 73 30
73 106 19
81 63 5
75 73 5
16 43 15
102 77 27
63 1 27
113 28 18
50 89 36
100 27 41
3 21 19
32 78 28
50 116 30
57 45 19
134 87 27
89 122 30
100 1 41
73 99 5
20 89 20
95 19 42
24 28 28
99 1 27
49 106 19
21 122 27
65 73 28
91 37 0
59 3 19
51 67 14
53 59 2
5 63 30
91 105 0
21 50 19
21 20 29
83 74 41
29 87 40
86 1 28
12 118 43
113 99 9
81 27 28
83 77 28
5 99 9
21 3 19
59 77 19
106 73 26
21 57 19
60 95 13
65 53 29
21 100 19
128 130 11
100 76 26
109 15 23
70 113 27
65 56 41
68 93 43
87 73 19
87 70 29
109 89 6
102 73 27
65 107 43
73 56 27
113 27 27
86 132 29
65 111 41
59 89 27
102 10 13
6 49 26
59 19 19
57 52 36
83 122 41
102 113 27
105 55 13
52 59 2
51 22 13
89 122 27
126 57 27
98 19 20
20 19 20
52 86 2
73 92 15
89 17 30
49 73 5
105 43 15
120 128 26
19 77 40
83 53 29
64 52 20
89 17 27
63 87 27
34 134 13
20 89 27
109 99 16
123 15 0
19 77 27
73 19 19
19 89 36
88 39 26
34 89 6
73 87 19
131 17 13
89 74 27
79 89 6
63 89 19
63 77 27
81 9 41
46 23 13
50 16 30
89 116 27
87 115 27
65 24 28
111 99 28
64 99 27
37 21 27
33 43 15
111 5 28
123 80 43
106 55 23
50 23 36
31 107 43
106 100 26
80 77 26
5 49 19
59 28 27
89 120 19
47 102 13
28 57 27
73 89 36
46 78 11
46 114 29
15 113 27
82 63 40
81 103 19
87 63 30
10 19 40
62 31 17
124 80 28
42 99 19
70 81 20
89 5 27
57 89 19
111 126 29
1 56 43
5 21 30
125 92 26
55 19 27
77 21 27
82 86 2
59 118 27
21 59 27
63 21 27
47 5 27
28 19 19
15 63 27
50 63 27
8 63 27
91 15 0
50 27 27
34 5 27
4 58 43
22 6 11
32 17 41
5 4 27
35 64 13
77 87 19
91 104 0
91 116 0
76 19 19
95 52 42
99 63 27
23 125 45
3 45 19
34 99 27
82 29 13
73 122 30
25 58 13
134 5 2
102 77 20
28 19 27
32 36 41
87 4 30
53 89 40
99 59 43
89 77 12
61 46 17
95 50 6
73 115 27
86 63 28
87 113 9
80 57 26
35 99 27
102 8 13
87 44 36
11 81 20
77 87 27
74 88 45
117 115 41
60 107 43
77 19 19
88 51 26
32 82 29
12 107 43
126 77 20
49 3 19
73 19 5
37 92 15
50 81 9
109 105 16
106 28 0
47 92 15
99 19 27
75 79 9
15 37 13
32 27 41
28 42 27
83 131 41
47 60 13
91 59 0
36 56 13
29 70 13
100 89 5
78 73 40
64 5 27
1 82 28
5 82 29
115 134 28
109 5 27
73 12 30
67 77 20
57 38 27
77 49 19
99 131 27
115 18 43
46 109 11
19 77 12
17 88 45
78 39 27
26 125 7
22 48 14
34 77 20
77 89 36
49 99 5
27 107 43
50 128 36
10 100 20
109 95 0
19 16 27
63 57 19
78 49 26
32 70 29
113 9 30
113 57 19
106 77 6
38 70 28
57 73 5
19 57 18
21 116 19
75 97 31
106 105 16
70 77 20
121 0 43
3 52 19
105 77 20
126 100 20
3 50 19
50 89 40
5 116 43
62 112 43
21 36 27
50 45 43
77 52 5
96 49 20
65 99 28
80 19 26
75 81 26
128 88 11
83 21 28
82 70 13
59 87 18
3 108 43
51 106 11
19 52 9
113 20 29
59 82 29
57 100 40
57 113 19
104 43 15
41 107 43
28 63 43
106 95 23
10 99 40
21 99 18
10 21 40
89 58 30
57 99 30
63 16 27
5 25 27
89 110 19
55 57 40
77 88 19
50 3 19
105 70 13
54 52 20
83 36 28
83 27 28
116 19 19
29 50 40
125 89 5
69 0 43
86 83 43
79 50 6
84 73 26
53 63 27
5 21 9
89 70 29
50 21 19
82 21 40
72 84 33
110 108 43
64 19 20
106 100 6
65 4 41
50 103 19
75 50 5
76 113 31
28 99 27
117 131 41
116 73 19
100 50 19
87 53 29
97 57 20
82 99 27
106 43 15
5 89 30
25 122 13
109 30 23
118 56 13
109 19 16
131 115 13
78 57 3
100 81 40
34 87 2
128 6 11
71 131 41
15 134 13
95 73 20
60 92 15
114 81 20
19 115 30
81 28 19
34 50 42
34 113 40
52 28 19
21 5 18
99 3 19
85 113 31
36 73 20
38 10 28
104 105 13
11 57 20
117 43 15
10 52 40
54 52 42
114 107 43
20 134 13
30 20 13
59 74 27
89 52 9
57 50 5
27 20 28
126 8 13
21 116 27
109 103 43
57 81 40
81 9 27
42 5 5
13 36 41
11 29 13
89 50 9
29 57 40
79 5 5
5 59 9
128 23 43
7 57 27
128 120 45
19 21 5
106 108 43
20 71 2
81 113 5
28 21 19
113 4 30
64 43 15
115 4 13
70 63 27
83 102 29
110 49 19
19 3 19
126 7 13
77 116 30
81 118 41
106 54 14
91 106 34
20 52 20
81 131 27
59 12 30
106 95 0
105 59 27
89 57 19
130 129 43
31 82 13
109 57 27
8 64 43
73 118 27
53 73 20
35 81 20
134 77 27
28 38 27
13 1 28
78 28 27
4 56 13
36 19 20
32 53 29
22 48 29
46 123 11
70 52 20
112 43 15
7 43 15
27 16 13
28 113 19
76 58 17
81 19 5
77 110 19
21 58 27
83 25 41
126 82 13
0 92 15
39 114 14
53 49 20
63 19 19
20 29 13
21 63 43
34 28 40
55 113 2
73 77 18
76 56 17
30 102 13
27 53 28
5 50 19
83 87 28
127 93 43
100 107 43
86 43 15
116 57 19
76 5 5
78 28 40
22 101 29
34 20 13
34 49 20
28 70 29
57 21 27
110 89 19
5 87 27
60 73 27
109 113 27
20 65 2
127 87 5
87 25 27
99 21 27
28 99 19
34 21 27
30 73 20
116 99 27
57 53 29
109 8 0
76 59 31
21 63 27
50 57 19
115 1 13
100 36 28
34 77 6
106 44 0
89 63 19
95 63 40
95 87 2
81 52 19
83 59 28
31 34 13
134 20 43
50 27 30
134 64 13
77 25 27
75 93 43
73 76 26
49 52 9
51 54 14
51 50 6
77 57 12
57 43 15
19 113 19
57 25 30
73 81 19
100 19 5
76 57 19
52 92 15
53 89 20
42 27 17
31 50 27
60 100 20
47 37 13
34 73 3
104 126 43
20 5 2
5 99 27
34 57 27
83 1 28
26 129 7
13 32 41
29 86 2
90 19 26
71 113 28
57 87 30
95 43 15
53 19 40
19 99 30
81 1 28
13 9 41
87 50 27
67 89 20
32 111 41
59 50 19
101 49 42
19 4 27
111 59 28
19 57 36
70 37 43
65 92 15
65 31 29
27 56 43
77 52 36
55 92 15
124 84 28
86 20 29
36 18 43
87 45 19
87 63 43
126 31 13
126 116 27
106 57 26
59 134 29
89 25 30
47 63 27
50 20 29
89 76 26
109 134 23
126 98 43
89 131 27
6 50 26
113 5 18
64 57 27
82 20 43
91 53 0
50 57 18
95 134 13
1 16 13
49 1 27
73 59 19
13 36 28
95 77 27
63 49 19
57 81 9
57 49 19
111 132 29
77 89 30
84 92 15
73 57 5
1 73 20
52 50 40
104 95 13
59 116 19
57 86 29
106 70 16
81 5 5
30 77 27
109 76 0
37 10 13
106 19 6
52 19 40
59 100 19
63 27 27
87 82 29
125 57 26
116 28 27
6 73 26
83 38 28
5 73 27
57 74 27
49 128 36
113 76 27
91 57 0
19 39 36
89 58 27
110 45 43
77 50 18
75 107 43
1 122 13
35 89 20
117 36 41
77 25 30
