5126
49 50 28
81 21 5
115 107 43
89 50 27
103 81 26
22 128 13
42 116 19
111 63 28
20 81 40
19 49 19
102 70 13
112 2 43
7 113 27
50 51 36
39 96 14
51 96 29
31 47 43
87 113 12
7 77 27
111 132 32
113 3 19
50 122 30
78 5 27
102 95 13
28 21 9
73 21 30
89 81 19
5 28 30
29 83 2
31 21 27
32 15 29
65 28 28
77 113 30
82 28 27
126 50 27
113 122 27
120 23 26
65 43 15
50 59 5
134 21 27
29 5 40
81 74 41
13 92 15
19 73 5
126 107 43
89 10 29
32 27 28
57 116 19
19 73 27
109 5 0
89 36 27
116 43 15
78 19 3
89 12 27
10 13 2
53 81 20
10 27 25
50 63 19
72 123 28
95 107 43
95 79 42
126 113 27
10 38 25
59 53 29
77 99 5
48 66 43
28 27 30
31 95 13
4 9 43
53 111 2
104 107 43
15 105 13
113 10 29
20 77 40
61 93 43
76 93 43
127 57 5
100 63 5
82 111 2
65 99 27
65 32 41
10 32 2
117 12 41
91 77 0
127 73 7
50 19 40
76 113 5
49 92 15
106 52 6
63 77 30
77 21 5
86 118 41
57 88 19
55 77 27
48 107 43
5 53 29
37 57 20
57 110 19
82 77 20
20 77 27
104 73 20
17 120 45
46 120 45
42 50 19
78 79 42
1 20 28
35 96 22
79 100 5
42 59 19
34 81 20
47 70 13
77 113 19
24 21 28
73 74 30
87 42 27
82 28 40
74 16 13
106 102 0
5 59 19
104 134 13
59 113 27
41 48 29
73 81 9
16 17 13
95 57 3
21 131 30
100 49 9
118 92 15
31 60 13
49 113 5
117 38 28
72 124 43
77 50 12
82 5 27
57 89 36
28 131 27
77 9 27
46 92 15
42 118 17
19 49 40
72 39 39
52 32 2
65 87 27
21 53 29
20 57 20
113 110 19
34 52 42
63 50 30
60 64 13
131 12 13
124 68 29
21 99 30
1 19 20
59 116 27
79 63 5
109 59 16
78 92 34
118 16 13
111 18 43
99 116 30
131 56 13
71 36 28
21 77 30
79 59 7
19 63 30
75 47 31
5 27 27
89 128 36
77 89 18
2 43 15
10 100 40
127 52 5
38 89 20
19 113 5
132 60 37
57 49 40
109 10 0
91 81 26
32 77 28
19 27 30
39 129 11
66 106 10
87 5 19
22 80 11
19 57 12
106 64 23
28 116 27
74 118 43
104 77 27
42 110 19
63 19 30
86 53 29
37 98 43
134 50 27
29 81 40
55 73 27
109 19 6
81 77 28
57 87 5
100 122 27
63 9 27
65 87 28
10 116 27
71 20 29
105 50 20
28 3 19
50 5 19
123 64 0
113 87 30
34 50 6
69 81 26
86 27 28
19 110 19
52 120 19
42 107 43
100 81 43
77 100 40
132 30 37
113 77 27
40 91 33
30 35 13
73 57 40
42 1 17
19 59 5
77 57 30
29 99 2
109 37 16
89 42 26
94 111 28
57 118 27
123 43 34
52 89 40
15 59 27
78 108 43
73 19 18
89 49 9
57 38 30
126 73 20
77 115 30
50 1 30
134 116 27
49 17 41
41 78 28
57 116 43
77 57 36
31 92 15
73 16 30
32 38 41
57 89 12
57 39 36
87 28 27
105 73 20
10 113 2
65 59 27
118 43 15
81 89 19
89 116 43
49 58 41
51 114 29
75 57 26
29 116 27
106 57 6
19 50 9
63 70 29
109 11 16
111 89 28
106 103 43
78 21 40
51 92 15
57 19 12
12 19 20
19 73 9
65 25 41
59 56 27
37 64 13
47 18 43
19 45 43
50 73 5
50 73 43
22 67 29
126 34 13
128 96 14
52 106 19
131 107 43
113 118 27
106 34 16
106 57 27
3 81 19
50 77 40
45 49 19
73 78 19
89 63 27
106 19 0
10 19 27
10 1 25
109 53 16
30 59 27
78 59 27
60 20 13
66 93 43
45 89 19
52 78 19
50 77 27
28 29 29
53 107 43
63 115 30
22 114 14
109 55 23
99 20 29
76 17 17
50 46 36
28 50 27
21 29 29
32 131 41
52 109 19
125 23 26
111 38 28
123 35 0
75 50 25
131 134 28
78 77 26
75 50 26
95 73 40
25 118 43
7 28 27
58 18 43
99 77 30
10 89 27
24 99 28
21 50 27
125 108 43
94 2 43
31 19 20
26 6 7
134 71 2
91 129 43
10 5 27
89 43 15
123 53 0
76 4 17
120 46 26
69 100 26
13 56 41
110 45 19
34 89 40
73 116 30
102 47 43
32 10 29
88 89 5
111 118 41
87 17 30
57 51 36
50 89 5
77 38 27
8 96 22
85 93 43
5 21 43
49 77 5
77 132 29
55 99 27
123 57 0
52 77 40
32 115 41
53 21 40
11 73 27
65 27 41
13 32 44
42 19 19
54 81 20
22 120 11
20 28 40
84 92 34
134 77 40
87 116 27
20 83 2
75 77 5
87 38 30
5 76 27
55 28 2
47 29 13
38 20 28
5 113 18
105 107 43
95 59 2
60 11 13
7 89 27
45 43 15
113 120 19
41 93 43
95 100 40
89 25 27
53 81 40
60 19 27
10 53 13
64 59 27
123 87 0
70 59 27
22 125 11
70 87 40
106 70 0
71 4 41
46 66 14
106 34 14
57 73 40
26 80 7
5 36 30
94 77 28
37 50 20
22 130 11
78 99 40
88 92 26
1 57 20
49 59 19
29 99 27
10 57 40
73 22 36
83 58 41
55 73 20
1 25 13
127 100 26
95 77 40
123 89 0
89 19 40
105 5 27
81 77 5
128 114 14
19 52 5
95 50 3
65 106 28
128 67 29
75 5 5
52 5 2
115 58 13
99 118 27
77 122 30
57 77 9
99 49 19
31 105 13
75 55 31
23 84 11
10 55 13
1 27 13
110 28 19
49 73 28
124 123 28
79 107 43
59 81 19
30 113 27
49 17 27
49 81 9
11 8 13
21 19 30
103 49 26
7 50 27
32 63 28
113 87 19
57 49 9
62 107 43
106 102 16
125 43 15
24 63 28
77 57 27
50 57 40
86 117 43
127 50 7
132 49 20
4 18 43
24 132 28
57 21 30
75 21 5
59 108 43
57 87 27
34 71 2
109 77 0
134 57 20
13 111 44
76 52 19
119 92 15
38 58 13
19 87 19
113 134 29
97 63 27
109 34 16
85 121 31
27 9 13
111 83 43
131 10 28
28 21 18
36 38 13
34 77 42
70 71 2
34 8 13
13 21 28
100 116 19
87 21 19
64 49 20
114 50 20
91 49 26
46 120 11
123 30 0
78 67 14
45 19 19
71 102 29
73 19 30
78 19 26
28 74 30
71 5 28
100 131 27
70 81 40
53 57 20
97 99 27
65 83 43
95 77 20
10 89 25
109 53 0
123 57 26
128 23 13
3 113 19
83 60 29
83 132 8
8 113 27
57 77 40
77 50 40
20 82 13
90 50 26
50 73 26
29 59 40
63 38 30
127 63 5
125 43 26
50 73 19
89 50 26
120 22 26
82 64 13
83 15 29
7 92 15
134 50 20
117 107 43
86 113 28
5 134 29
57 99 5
46 93 43
19 25 27
21 77 27
124 106 33
103 80 43
111 24 35
21 113 27
111 24 38
50 73 27
77 19 12
31 15 13
19 100 19
22 52 26
63 115 27
134 43 15
73 103 19
99 25 30
20 59 40
99 4 27
36 27 13
34 63 27
22 123 11
91 114 14
126 5 27
97 73 27
37 28 27
106 89 6
0 120 10
47 55 13
110 19 19
8 49 20
5 21 27
50 131 27
38 92 15
10 59 2
123 55 0
111 104 29
99 59 19
127 5 7
5 63 19
29 99 40
87 89 19
23 93 43
37 43 15
17 56 43
99 77 27
59 5 30
13 4 41
80 49 26
30 37 13
70 86 2
113 5 19
105 37 13
31 35 13
59 113 18
72 109 28
23 66 14
76 110 19
79 57 26
26 113 19
73 5 30
41 66 29
73 12 27
73 57 12
47 8 13
71 87 27
78 73 26
39 23 43
89 57 27
125 113 27
95 100 42
19 120 19
100 74 41
99 59 30
27 17 13
109 21 0
49 45 19
106 129 43
50 5 5
57 77 30
99 131 30
134 59 40
89 9 27
71 21 28
71 81 28
77 52 9
105 34 13
79 73 26
89 4 27
111 16 41
10 89 40
77 27 30
15 98 43
89 77 26
21 45 19
104 87 27
71 74 41
80 92 15
106 29 23
100 52 19
23 120 11
134 57 40
70 107 43
41 124 43
13 57 28
57 89 40
77 87 30
131 74 13
78 129 43
106 21 27
117 27 28
10 19 20
117 18 43
75 57 7
109 95 16
94 57 28
51 6 11
28 5 19
34 107 43
89 56 27
77 59 19
60 5 27
109 106 34
125 120 43
18 92 15
31 64 13
19 100 40
42 9 17
42 21 19
109 89 0
99 5 19
57 82 29
109 28 0
77 28 5
127 19 26
123 81 26
77 43 15
49 118 27
126 28 27
111 30 29
77 38 30
77 57 40
51 91 11
62 93 43
128 90 11
74 56 43
49 25 27
86 29 29
34 21 40
79 43 15
77 73 30
127 59 7
20 50 40
89 125 27
59 16 27
59 63 19
8 70 13
123 113 0
75 98 31
77 57 18
28 87 19
102 100 20
97 77 20
104 116 27
60 70 13
125 0 4
132 50 20
59 16 30
60 50 27
109 92 34
5 56 27
106 77 26
10 63 27
50 87 19
63 4 27
126 64 43
83 100 28
39 54 29
21 70 29
50 116 27
29 113 27
77 50 30
50 116 43
99 113 18
50 10 29
111 15 29
99 42 27
53 87 2
113 42 27
59 87 27
88 22 26
45 110 19
28 99 9
83 50 28
87 59 27
7 53 13
19 70 29
134 89 20
32 102 29
11 49 20
47 73 27
32 36 28
32 106 28
8 98 43
83 134 29
76 99 19
49 87 5
22 92 15
106 132 23
5 36 27
51 39 13
116 59 30
125 129 43
89 73 12
9 4 13
110 92 15
126 57 20
89 82 29
84 100 26
71 60 29
13 122 41
91 34 0
21 44 36
95 77 3
132 107 43
32 56 41
86 132 8
8 134 13
34 73 40
73 36 30
16 118 43
65 30 29
113 89 19
89 73 30
57 113 27
50 77 30
75 42 7
127 100 5
99 74 27
41 109 33
99 28 19
64 63 27
29 21 27
105 89 20
24 111 41
125 69 26
70 50 27
63 5 19
98 73 20
123 63 0
75 100 25
81 59 27
49 122 27
99 12 30
22 91 11
50 59 19
113 28 30
22 109 11
29 113 40
85 28 31
123 21 0
1 74 13
59 74 30
63 43 15
106 105 0
36 17 13
51 109 11
57 52 9
29 63 27
70 89 20
5 99 19
31 8 13
55 19 40
24 119 10
81 4 27
35 55 13
134 32 2
50 49 19
42 87 19
126 81 20
86 111 44
73 21 27
39 48 29
73 89 30
111 58 41
39 106 11
20 59 2
36 107 43
53 57 27
65 15 29
87 58 30
87 74 30
57 63 43
28 134 29
46 48 14
19 89 9
101 73 3
49 36 41
50 77 12
78 63 27
106 53 23
106 89 27
48 124 27
8 116 27
50 49 40
71 113 27
73 128 36
75 100 26
37 134 13
117 4 41
35 28 27
111 49 28
8 59 27
118 56 43
21 1 27
109 50 0
116 92 15
23 123 11
21 16 30
28 9 27
65 27 28
34 5 40
31 104 13
37 63 27
4 125 45
34 57 40
55 50 20
34 113 27
49 57 28
73 88 19
29 55 13
30 5 27
34 19 20
7 37 13
101 52 3
48 93 43
77 99 27
23 101 14
114 18 43
19 49 9
77 89 19
46 6 11
67 52 20
71 87 28
99 87 18
9 56 13
23 120 45
28 131 30
3 89 19
47 49 20
116 63 30
20 113 27
49 57 19
9 74 13
26 107 43
49 23 36
37 5 27
71 25 41
29 107 43
89 28 5
73 28 27
78 54 14
91 85 0
20 53 13
124 78 28
113 46 29
36 16 13
15 5 27
46 96 14
65 86 41
68 92 15
10 50 40
57 22 36
127 28 5
116 50 19
7 96 22
94 63 28
11 37 13
60 21 27
53 59 27
83 56 41
74 107 43
5 1 27
59 118 30
28 116 19
52 5 19
17 56 13
99 81 19
131 29 28
38 82 28
77 28 30
59 17 30
78 57 26
31 29 13
100 42 26
71 7 29
20 81 20
90 92 15
79 21 7
32 7 29
89 134 29
105 28 27
1 92 15
76 43 15
39 68 14
87 59 9
73 17 30
77 81 40
52 81 19
73 10 29
34 89 3
95 59 40
59 73 19
54 89 42
47 89 20
15 89 27
113 115 27
128 96 29
49 38 28
89 16 30
7 95 13
22 114 29
98 18 43
73 57 36
79 87 7
39 6 11
32 25 41
12 89 20
63 45 43
94 24 35
128 68 29
99 17 30
6 92 15
52 63 19
37 113 27
19 25 30
50 56 30
65 78 28
41 39 39
1 89 20
32 16 41
7 89 20
32 118 41
21 5 30
113 99 27
19 89 30
77 89 5
40 106 28
49 122 41
79 99 5
60 81 20
95 73 27
7 52 20
3 100 19
49 78 19
93 92 15
20 19 40
106 19 26
25 56 43
109 34 23
5 70 29
91 89 0
16 9 43
50 74 30
74 56 13
81 38 28
34 96 22
19 89 18
29 73 20
73 46 36
134 21 2
95 50 40
83 63 28
30 95 13
37 18 43
99 63 30
95 18 43
78 73 3
82 10 13
52 28 2
65 104 29
77 21 19
19 86 29
15 11 13
19 5 30
81 59 5
5 56 30
79 81 6
46 23 43
55 59 40
65 9 41
92 43 15
53 35 13
40 103 33
27 92 15
41 43 15
31 100 20
100 77 28
70 50 40
99 9 30
15 49 20
32 19 28
118 125 45
55 57 27
133 2 43
65 49 28
102 55 13
134 86 2
125 42 26
5 132 29
50 58 27
55 71 2
42 73 19
104 28 27
79 81 26
103 59 27
126 53 13
86 38 28
106 50 27
34 59 2
55 52 20
89 56 30
22 125 45
134 111 2
48 39 27
104 64 13
76 21 31
76 3 19
83 27 41
70 100 20
97 50 20
60 104 13
31 11 13
128 84 11
105 49 20
57 89 18
109 15 16
113 50 30
20 99 40
22 23 13
134 87 40
7 50 20
81 56 41
32 81 28
104 50 27
123 99 0
96 67 43
29 59 27
12 74 13
23 107 43
87 19 27
106 34 0
99 89 27
28 45 43
63 73 30
86 18 43
34 79 42
4 56 43
113 99 19
106 10 0
71 36 41
116 28 30
42 113 19
51 124 39
30 63 27
78 100 42
60 47 43
19 87 27
73 77 5
19 59 27
19 116 27
126 10 13
31 28 27
24 57 28
50 122 27
47 11 13
9 122 13
32 43 15
109 29 16
50 39 36
82 28 2
49 5 5
71 21 27
5 12 27
116 77 19
101 73 20
65 122 41
116 77 27
2 113 19
128 125 45
73 77 40
19 134 29
51 78 11
52 116 19
19 20 29
134 83 2
19 50 27
125 100 26
32 107 43
20 5 40
15 57 27
59 5 19
103 73 27
76 21 19
32 50 28
29 111 2
129 92 15
100 22 36
113 81 19
106 8 16
102 37 13
65 52 28
95 63 27
53 73 27
81 113 27
95 111 2
31 55 13
15 43 15
55 50 40
82 81 40
28 81 19
129 108 43
89 73 27
40 80 28
134 82 13
127 99 7
52 3 19
19 73 12
52 103 19
134 21 40
71 57 28
49 58 27
83 17 41
73 89 27
15 8 13
73 50 19
108 92 15
113 21 18
113 57 30
106 30 23
83 89 28
102 104 13
78 73 27
106 15 23
29 49 40
109 132 0
21 63 19
19 21 30
27 73 20
44 28 10
71 27 28
23 48 14
40 84 33
53 57 40
47 30 13
65 132 29
72 90 28
35 100 20
77 45 43
9 107 43
122 92 15
15 116 27
91 95 0
77 28 27
5 19 30
29 71 2
11 21 27
40 90 28
87 56 30
22 54 29
106 64 0
94 49 28
97 19 27
95 57 27
31 77 27
86 58 41
37 96 22
86 87 28
103 89 26
89 103 19
37 52 20
58 122 13
32 30 29
70 98 43
114 100 20
13 16 41
88 125 27
53 1 26
99 16 27
77 19 27
60 35 13
47 59 27
19 78 19
95 83 2
33 93 43
127 81 26
19 57 27
73 87 30
134 77 20
75 52 25
77 73 9
124 107 43
34 50 40
49 1 41
59 28 18
23 96 14
82 49 40
48 128 27
57 108 43
86 57 28
49 22 36
77 109 19
99 57 27
75 49 5
23 43 15
119 107 43
70 5 27
109 104 16
5 44 10
19 116 19
113 92 15
81 113 19
51 72 39
86 16 41
50 28 30
117 74 41
89 92 15
13 131 41
64 50 20
95 10 13
95 96 22
109 99 0
57 63 19
82 59 27
88 61 26
52 21 2
60 64 43
95 50 20
38 16 13
127 21 7
70 99 40
134 73 27
106 35 16
119 14 43
97 5 27
89 19 18
5 43 15
22 50 26
62 92 15
46 96 29
109 50 6
45 73 19
113 125 27
7 47 43
6 129 43
105 89 27
23 67 29
91 132 0
77 27 27
50 120 19
50 28 27
77 108 43
23 88 45
75 82 31
102 64 13
75 59 25
57 27 30
4 88 45
124 103 28
69 2 43
59 73 27
42 131 17
95 89 42
49 109 19
43 107 43
63 108 43
63 116 43
125 88 30
91 30 0
75 59 31
95 55 13
78 77 3
46 48 29
63 56 27
46 68 14
73 9 27
59 12 27
15 64 13
91 52 26
90 57 26
50 70 29
109 63 16
104 77 20
76 59 19
25 92 15
54 19 42
78 99 27
89 73 5
57 77 12
22 88 11
87 9 27
29 49 20
126 50 20
5 59 27
134 100 20
72 66 29
52 65 2
101 19 20
53 50 20
60 99 27
77 16 27
99 21 30
15 57 20
35 50 20
63 16 30
57 12 27
49 118 41
102 57 27
89 78 19
49 39 36
89 77 18
72 78 28
89 81 40
59 131 27
73 89 5
75 87 31
50 36 30
47 57 20
32 60 29
82 57 27
28 21 30
85 133 31
100 78 19
86 21 28
28 17 30
73 29 29
29 19 27
115 10 28
117 38 41
42 99 5
100 128 36
11 82 13
46 90 11
95 100 20
77 19 36
86 106 28
71 52 28
28 113 18
128 123 11
86 78 28
111 32 35
104 82 13
96 100 20
82 49 20
24 86 32
65 59 28
109 132 23
125 39 26
82 43 15
106 99 27
5 28 9
39 88 11
30 99 27
106 19 27
63 21 30
34 92 15
100 36 27
21 87 27
50 52 40
95 77 6
12 18 43
77 56 27
57 58 27
19 28 27
77 99 19
5 3 19
111 17 41
111 117 43
7 29 13
55 43 15
99 87 19
64 77 20
99 36 30
20 87 40
109 92 15
75 89 26
115 9 13
106 53 16
51 77 6
72 103 28
134 70 13
99 73 30
89 57 36
21 87 18
51 68 29
104 99 27
50 25 27
69 43 15
72 90 33
47 95 13
90 92 34
126 20 13
73 100 19
25 9 43
31 10 13
30 89 20
113 16 27
101 52 42
106 43 34
131 122 13
109 5 16
47 134 13
113 4 27
20 32 2
49 81 40
52 125 19
47 126 13
103 57 27
87 12 27
117 17 41
50 73 12
99 16 30
60 37 13
99 9 27
111 21 28
63 50 19
70 57 40
15 29 13
90 80 43
49 19 19
120 125 27
59 21 30
128 66 29
37 77 20
81 89 28
22 66 14
8 21 27
55 19 20
95 52 40
15 102 13
38 53 28
5 19 27
87 21 27
20 111 2
99 116 27
87 19 30
106 81 26
80 89 26
70 1 26
52 39 36
24 5 28
19 116 30
90 49 26
74 92 15
125 76 26
10 63 40
52 57 19
67 19 20
3 99 19
106 37 16
85 99 31
78 73 42
64 21 27
60 96 22
106 29 0
38 12 13
111 74 41
100 113 27
73 50 12
54 100 42
86 59 28
99 113 27
91 7 0
78 89 40
32 1 41
32 86 41
60 77 20
99 57 30
23 125 11
23 68 29
49 103 19
94 50 28
20 89 40
106 47 16
49 46 36
21 74 27
47 52 20
120 69 26
113 21 27
134 19 20
39 91 11
116 108 43
91 100 26
54 89 3
21 57 30
59 63 30
100 73 5
89 77 27
21 116 43
89 27 27
126 11 13
134 57 27
100 45 19
29 65 2
99 21 18
40 91 28
82 18 43
99 132 29
10 28 40
111 92 15
109 31 16
87 1 30
99 122 30
55 86 2
8 99 27
65 19 28
46 125 11
86 17 41
5 77 30
70 63 40
37 50 27
8 50 20
25 88 45
105 11 13
101 81 42
81 107 43
109 37 23
55 113 40
14 93 43
32 9 41
19 10 29
46 101 29
10 113 40
55 52 40
106 52 26
109 85 0
47 99 27
42 43 15
95 35 13
87 122 27
49 4 41
19 77 19
87 115 30
0 113 19
125 19 26
106 20 0
20 35 13
106 102 23
96 77 20
100 5 5
70 28 2
99 89 19
105 64 43
32 4 41
7 60 43
28 1 27
25 16 13
57 20 29
20 70 13
98 50 20
82 21 27
50 57 5
21 19 19
82 113 2
83 73 28
109 30 0
111 50 28
29 21 40
42 16 17
100 59 19
122 56 13
20 1 26
11 134 13
24 32 24
126 134 13
133 15 17
10 37 43
114 73 20
71 122 41
42 45 19
89 73 40
89 52 36
53 87 40
57 73 43
75 5 31
60 18 43
21 38 27
87 12 30
82 92 15
52 89 19
65 38 41
109 29 23
79 50 26
49 50 19
106 101 14
110 3 43
39 101 14
22 107 43
13 18 43
29 64 13
63 73 19
106 11 16
106 10 16
63 19 27
89 120 27
27 29 28
57 99 19
123 129 43
73 59 30
101 100 20
19 4 30
113 50 19
63 9 30
52 113 2
28 113 30
12 125 45
81 109 19
70 19 20
105 82 13
52 88 19
59 115 30
15 35 13
72 109 33
29 5 2
21 57 27
109 78 34
89 100 19
131 4 13
77 50 26
117 36 28
7 19 20
82 1 26
29 28 27
131 92 15
76 38 17
128 39 13
63 3 19
1 56 13
77 122 27
36 118 13
87 45 43
81 106 19
27 82 28
63 5 27
106 104 23
72 107 43
65 24 35
104 59 27
95 81 40
27 58 13
12 4 13
5 116 19
100 118 41
5 20 29
104 92 15
28 57 30
109 57 0
109 43 34
30 64 43
86 99 28
113 118 30
31 19 27
105 52 20
102 52 20
34 50 3
100 19 19
125 81 26
73 87 27
12 120 45
73 110 19
130 43 15
82 35 13
79 50 5
47 113 27
89 59 27
46 67 29
20 52 40
19 5 19
22 39 13
50 49 9
7 20 13
77 50 5
82 77 27
99 50 30
109 108 43
39 66 29
106 20 23
5 87 19
103 73 26
49 56 27
94 93 43
49 120 19
77 92 15
100 103 19
10 81 40
76 99 5
7 64 13
50 100 40
50 19 18
21 4 27
19 73 40
124 106 28
27 70 28
64 28 27
125 49 26
98 89 20
118 4 13
105 87 27
47 57 27
113 74 27
74 17 13
113 89 27
96 89 20
106 104 0
116 45 43
100 106 19
91 70 0
39 123 11
23 96 29
70 52 40
132 111 41
130 92 15
52 100 40
50 131 30
5 57 19
32 134 29
23 88 11
5 87 30
61 39 17
53 28 2
28 108 43
27 56 13
77 116 19
109 49 6
38 19 20
63 57 27
43 92 15
126 102 13
113 45 19
70 113 2
113 73 30
24 113 19
57 70 29
24 0 43
59 52 19
120 113 5
100 12 41
15 50 20
47 19 27
50 19 19
106 70 23
39 114 29
85 107 43
106 47 0
102 64 43
28 21 27
28 87 18
73 5 27
36 29 28
61 51 17
87 21 43
49 36 27
81 49 19
47 20 13
88 129 43
76 87 5
105 53 13
34 98 43
94 81 28
134 19 40
79 76 7
77 19 18
87 57 19
100 77 19
81 38 41
77 19 5
57 81 19
24 32 38
110 21 19
51 40 39
1 10 28
100 38 28
5 118 30
50 132 29
36 9 13
73 116 27
19 73 43
47 34 13
50 17 30
5 131 30
80 129 43
57 125 19
97 113 27
97 92 15
29 57 20
19 29 29
111 60 29
110 100 19
5 115 27
73 52 36
75 49 25
113 77 19
73 77 30
91 42 0
73 100 40
63 74 30
100 17 27
23 129 11
20 99 2
106 73 0
50 115 30
16 58 13
51 41 39
83 104 29
54 77 3
85 69 31
102 53 13
79 92 15
52 87 2
109 116 0
25 120 45
78 77 42
106 49 6
19 12 27
80 81 26
31 20 13
89 73 19
59 57 30
111 81 28
79 28 5
109 104 23
77 16 30
95 5 40
111 57 28
87 46 29
87 56 27
45 81 19
76 87 31
77 81 9
47 98 43
109 87 27
106 132 0
47 53 13
11 98 43
57 19 40
81 25 41
100 81 19
57 100 19
100 99 19
101 50 3
55 98 43
127 42 7
91 126 0
109 89 26
80 100 26
38 43 15
63 59 19
42 56 17
104 70 13
75 113 5
15 19 27
15 107 43
106 49 26
27 12 13
10 28 2
87 108 43
100 50 5
82 73 40
114 57 20
115 29 28
95 116 27
75 87 7
113 63 27
103 5 27
29 77 20
57 46 36
46 88 45
51 96 14
31 7 13
124 90 28
81 92 15
89 19 30
65 36 28
13 74 41
63 28 30
29 89 27
110 43 15
101 81 20
76 92 15
99 116 19
102 50 20
127 21 5
104 49 20
23 54 14
87 63 27
131 25 13
100 122 41
109 102 0
23 48 29
107 92 15
79 73 5
73 27 30
95 19 27
100 56 27
20 57 27
50 59 30
84 89 26
55 83 2
93 107 43
86 28 28
103 57 26
30 82 13
44 87 10
134 65 2
50 19 36
95 49 42
131 16 13
63 59 27
116 89 30
55 63 27
109 7 23
49 12 27
34 64 43
19 89 40
75 77 26
105 95 13
5 87 18
110 87 19
91 82 0
70 64 43
82 57 20
12 88 45
65 82 29
40 80 33
95 73 6
8 53 13
82 13 2
111 9 41
71 28 28
36 58 13
67 92 15
21 116 30
23 54 29
6 43 15
132 86 1
34 5 2
91 92 15
28 52 19
34 28 2
30 87 27
21 115 30
102 19 20
104 34 13
78 77 27
126 87 27
94 87 28
133 112 43
15 87 27
82 87 2
118 12 13
59 19 30
82 89 27
17 4 13
73 4 27
121 43 15
51 54 29
11 47 43
99 44 36
51 120 11
71 59 33
34 87 27
16 88 45
55 28 40
106 55 16
98 52 20
106 104 16
81 50 19
13 19 28
38 56 43
99 108 43
63 131 30
83 92 15
63 28 27
85 87 31
63 122 27
54 57 20
15 64 43
21 28 18
134 89 40
96 107 43
5 100 19
57 92 15
61 128 17
113 36 27
46 54 29
42 122 17
111 19 28
95 113 27
34 57 3
124 93 43
84 19 26
23 66 29
75 81 25
17 118 43
57 50 19
127 50 26
73 39 36
95 89 27
95 89 20
60 29 13
132 13 24
73 21 5
21 17 27
28 44 36
69 49 26
106 113 27
13 73 28
127 49 26
73 132 29
59 28 19
77 81 19
128 54 14
99 17 27
89 19 27
117 56 41
24 81 28
106 35 0
78 50 40
28 87 27
54 50 20
127 59 5
73 38 30
77 23 36
111 24 32
94 107 43
19 99 5
50 5 30
21 113 30
131 56 43
77 36 27
5 113 19
89 21 19
11 77 27
87 110 19
50 59 27
60 34 13
109 60 23
31 57 27
106 7 23
20 21 27
89 50 18
106 95 16
21 9 30
60 43 15
55 87 40
122 43 15
81 23 36
53 5 27
20 63 40
65 113 28
20 57 40
95 37 43
31 77 20
40 93 43
127 99 5
3 110 19
39 130 11
63 87 19
53 55 13
127 87 7
15 52 20
34 83 2
125 113 19
87 52 19
105 47 43
81 87 5
32 119 10
19 28 30
59 50 30
10 73 25
103 92 15
73 3 19
8 20 13
37 19 27
91 134 0
89 73 9
72 68 29
49 110 19
8 57 27
117 118 41
11 89 20
21 28 27
26 120 7
39 120 45
37 19 20
9 88 45
113 99 30
56 107 43
32 92 15
86 56 41
109 63 27
75 102 31
10 28 27
21 87 19
50 19 27
81 12 41
109 113 16
55 57 20
40 90 33
78 21 27
87 89 30
12 56 43
49 117 43
79 42 7
78 5 40
113 116 30
7 73 27
82 89 20
62 43 15
131 58 13
86 77 28
132 92 15
78 19 40
0 107 43
29 59 2
57 77 19
41 103 28
84 108 43
105 64 13
21 36 30
50 12 30
59 20 29
9 43 15
124 84 33
5 74 27
95 87 27
28 63 30
77 1 30
89 21 27
115 118 13
5 42 27
113 132 29
1 18 43
104 8 13
50 89 18
109 29 0
95 82 13
89 113 5
49 16 27
70 13 2
53 28 40
73 5 19
55 63 40
9 56 43
134 28 27
15 60 13
21 50 30
105 113 27
5 38 27
22 100 26
28 56 30
105 21 27
60 7 13
81 131 41
49 9 27
50 100 19
99 87 27
99 27 27
13 99 28
79 52 5
10 35 13
10 57 27
89 12 30
113 70 29
10 113 27
124 80 33
113 9 27
57 59 27
19 9 27
73 1 27
10 73 27
94 0 43
89 22 36
116 45 19
53 96 22
59 76 27
4 122 13
42 58 17
75 109 19
57 87 19
77 99 30
109 43 15
120 43 26
53 49 40
77 36 30
28 74 27
77 4 27
81 46 36
82 87 27
83 117 43
38 27 13
123 10 0
129 43 15
99 38 30
63 28 19
65 21 27
106 47 23
8 89 20
110 3 19
32 113 28
97 50 27
99 38 27
77 100 9
126 30 13
58 118 43
105 73 27
125 61 26
49 87 27
80 50 26
19 21 27
50 113 27
111 36 41
10 52 20
67 73 20
50 73 30
128 67 14
109 21 27
79 77 5
24 83 10
134 49 40
34 100 40
49 18 43
79 127 9
73 99 30
95 99 27
59 45 19
34 29 13
81 118 27
101 52 20
86 65 24
62 2 43
73 53 29
51 68 14
89 87 30
59 10 29
97 19 20
81 122 27
50 63 43
10 98 43
7 70 13
19 99 27
73 21 19
20 28 2
75 37 31
13 43 15
31 89 20
73 20 29
30 77 20
59 21 27
89 100 40
112 92 15
131 38 13
55 116 27
112 113 19
97 73 20
53 77 40
100 28 19
8 5 27
28 17 27
65 57 28
87 113 27
134 81 40
74 4 13
46 68 29
10 57 20
100 81 9
84 80 43
54 43 15
86 104 29
10 19 25
75 134 31
22 43 15
25 17 13
19 36 27
62 71 17
111 7 29
123 73 0
57 50 26
31 5 27
5 9 30
116 99 30
86 19 28
8 89 27
73 51 36
87 131 27
100 113 5
97 21 27
109 42 0
106 116 0
28 99 30
32 117 43
134 64 43
70 111 2
134 13 2
100 87 19
35 57 27
75 127 9
34 82 13
106 89 0
102 50 27
19 52 40
64 77 27
80 92 34
31 49 20
67 107 43
100 57 19
86 107 43
53 99 27
16 107 43
113 29 29
65 12 41
53 59 40
47 100 20
105 19 27
98 96 22
47 73 20
89 5 5
97 43 15
115 36 13
89 28 27
87 59 30
79 19 7
104 29 13
11 53 13
113 19 19
70 99 2
70 53 13
32 38 28
75 10 31
81 73 5
42 87 31
7 49 20
119 113 19
68 107 43
100 38 27
59 99 9
20 49 40
99 58 30
5 92 15
91 20 0
109 35 16
39 43 15
54 73 20
19 89 26
75 89 7
64 89 20
6 19 26
57 19 36
51 39 42
54 77 20
79 57 6
104 89 20
71 58 41
42 36 17
87 99 18
10 92 15
109 60 16
101 67 43
81 17 41
57 23 36
54 19 20
40 84 28
59 99 30
72 91 33
126 89 20
111 25 41
10 73 40
52 57 40
12 43 15
70 19 40
42 25 17
113 59 27
38 50 20
52 22 36
63 113 30
19 81 19
64 107 43
49 116 19
59 1 27
95 98 43
81 25 27
53 64 43
76 131 17
21 99 27
3 63 19
110 57 19
128 48 14
42 4 17
13 87 28
79 89 7
42 38 17
99 70 29
5 28 19
79 5 7
22 68 29
37 53 13
71 89 28
76 1 17
57 89 27
30 43 15
28 36 27
63 116 30
49 63 5
55 18 43
126 89 27
73 43 15
5 73 19
59 87 19
57 4 27
105 92 15
34 43 15
109 89 27
6 89 26
106 87 0
78 19 42
95 57 20
73 108 43
30 52 20
77 63 43
57 19 27
73 77 19
102 49 20
53 100 40
12 122 13
47 15 13
81 99 19
28 5 30
89 81 9
47 50 20
39 120 11
65 81 28
36 25 13
28 59 9
75 92 15
89 73 43
19 58 27
75 30 31
47 64 13
81 78 19
78 114 14
71 99 28
9 17 13
106 11 23
26 130 7
63 99 19
86 119 10
34 89 42
83 5 28
73 25 30
88 113 27
87 16 30
16 56 43
116 59 19
109 77 26
19 109 19
20 92 15
28 73 19
83 107 43
31 43 15
33 92 15
101 43 15
127 73 26
59 43 15
59 25 30
49 63 19
12 92 15
52 59 19
79 99 7
50 4 27
51 101 29
63 81 19
26 90 7
89 73 18
15 21 27
30 21 27
76 42 12
97 77 27
47 35 13
128 125 11
63 56 30
15 95 13
21 17 30
6 81 26
102 99 27
89 74 30
75 73 25
27 134 28
132 96 22
104 20 13
83 31 29
5 21 19
51 66 29
89 28 19
37 55 13
62 113 19
63 116 27
49 38 27
73 77 27
51 101 14
113 87 27
5 115 30
63 59 30
91 78 34
57 21 19
37 77 27
97 81 20
89 77 19
57 50 12
75 89 5
106 37 23
73 116 43
73 113 30
133 92 15
49 28 19
57 19 18
83 36 41
73 23 36
71 83 43
79 100 26
75 19 7
125 113 5
87 59 18
19 17 30
89 57 26
78 97 14
75 76 7
19 108 43
4 120 45
95 49 40
100 49 40
37 59 27
125 22 26
28 100 19
52 99 2
82 19 20
16 92 15
73 45 19
78 92 15
109 7 0
134 107 43
109 59 0
89 9 30
59 110 19
13 63 28
57 73 18
28 73 30
28 59 18
82 64 43
125 51 26
69 73 26
77 70 29
99 45 19
77 57 19
86 1 41
99 74 30
37 29 13
51 123 11
26 92 15
128 78 11
63 25 30
55 32 2
105 77 27
106 95 14
81 12 27
64 73 27
121 2 43
99 43 15
49 77 19
67 18 43
7 8 13
97 57 27
75 53 31
71 63 28
85 62 31
90 89 26
53 13 2
55 77 40
10 1 26
95 20 13
52 21 19
55 49 20
104 18 43
19 82 29
34 53 13
29 19 40
15 70 13
77 17 30
101 107 43
32 100 28
7 116 27
73 49 40
117 1 28
89 86 29
81 128 36
113 52 19
28 12 27
77 76 26
26 106 7
10 5 40
57 77 27
51 66 14
89 19 19
28 92 15
38 4 13
85 59 31
1 9 13
73 25 27
22 93 43
109 134 0
24 49 28
25 125 45
123 116 0
7 57 20
79 89 5
71 132 8
40 48 29
28 53 29
69 19 26
42 21 31
51 46 13
78 95 14
13 115 41
109 81 6
66 92 15
130 78 34
89 49 19
64 19 27
77 78 19
130 108 43
21 92 15
73 59 27
24 86 8
4 118 43
111 102 29
73 63 43
55 21 40
134 113 40
109 60 0
57 120 19
121 93 43
24 59 28
94 83 10
81 59 19
73 100 9
54 73 42
29 73 40
109 19 0
63 12 30
105 100 20
8 29 13
109 116 16
39 23 13
73 50 5
109 104 0
102 5 27
113 116 19
128 120 11
34 111 2
90 52 26
89 23 36
113 100 19
57 128 36
116 21 27
45 5 19
100 36 41
86 12 41
100 99 27
65 1 41
54 57 3
10 65 2
57 17 27
71 59 28
19 81 9
37 20 13
15 53 13
49 27 41
89 106 19
120 113 27
50 92 15
106 7 16
33 107 43
73 120 19
64 96 22
77 52 19
63 89 27
111 27 41
57 74 30
115 27 13
7 73 20
60 82 13
83 9 41
109 105 23
34 73 27
89 19 5
19 92 15
81 1 41
83 115 41
102 28 27
57 5 27
20 63 27
13 118 41
29 21 2
106 31 16
11 63 27
10 49 40
52 73 19
80 108 43
82 65 2
91 28 0
82 73 27
103 50 26
21 9 27
85 78 10
31 73 20
73 99 19
72 43 15
49 107 43
41 90 28
25 4 13
21 49 19
37 99 27
38 122 13
36 53 28
48 43 15
21 25 27
75 28 31
11 18 43
10 96 22
75 77 7
28 5 27
88 76 26
109 28 16
82 87 40
73 57 27
77 118 27
109 57 6
49 59 27
24 65 28
99 56 27
24 78 28
109 19 26
113 108 43
102 35 13
116 113 30
56 43 15
37 70 13
77 118 30
39 84 11
97 52 20
29 89 20
13 12 41
123 19 0
82 113 40
51 92 21
5 77 19
76 116 19
42 113 31
74 120 45
111 94 28
46 106 11
124 66 29
99 29 29
89 5 30
77 50 9
67 81 20
111 29 29
132 31 37
60 89 20
87 50 30
65 134 29
99 92 15
46 43 15
134 113 27
114 77 20
57 50 18
111 20 29
5 1 30
100 113 19
89 113 27
21 59 18
105 35 13
95 59 27
101 79 42
116 5 30
131 82 28
78 81 42
45 100 19
115 12 13
71 16 41
100 16 41
65 132 8
91 10 0
19 57 40
57 28 19
5 19 19
55 21 27
50 25 30
128 80 11
84 52 26
37 89 27
132 89 20
83 132 29
81 50 5
73 122 27
20 28 27
19 57 9
27 77 20
127 89 26
118 107 43
57 115 30
77 58 27
127 19 7
70 113 40
20 73 40
30 50 27
87 16 27
134 100 40
52 99 19
123 50 26
19 50 12
111 52 28
5 16 30
91 47 0
121 112 43
71 77 28
48 41 27
103 87 27
127 81 5
82 59 2
31 102 13
35 73 20
91 44 0
49 5 27
77 51 36
120 89 5
74 58 13
49 56 41
57 118 30
34 89 27
63 58 27
74 9 43
104 19 20
77 125 19
117 58 41
75 113 31
19 1 30
22 120 45
28 63 19
34 65 2
20 43 15
98 81 20
87 28 30
99 100 19
100 131 41
89 116 30
77 73 27
89 116 19
19 100 9
49 43 15
87 100 19
91 113 27
57 122 27
87 19 19
50 56 27
39 125 45
10 86 2
34 35 13
117 122 41
29 87 2
57 122 30
46 125 45
59 58 30
113 77 30
8 43 15
38 18 43
24 100 28
71 117 43
50 76 26
53 5 2
82 83 2
38 29 28
46 39 13
116 87 30
38 9 13
55 89 27
132 57 20
73 5 5
125 89 26
57 5 30
39 66 14
19 1 27
11 64 43
36 74 13
24 19 28
31 81 20
106 31 0
75 127 43
22 96 29
52 76 26
3 57 19
117 9 41
50 38 27
57 63 30
103 19 27
31 98 43
71 30 29
17 92 15
71 1 41
126 21 27
51 43 21
104 11 13
73 81 40
88 92 15
54 89 20
114 43 15
20 113 2
1 4 13
100 43 15
95 73 3
65 70 29
122 56 43
128 92 15
11 57 27
89 99 27
32 21 28
131 9 13
49 28 27
86 81 28
66 107 43
79 77 7
72 84 28
70 73 20
127 49 5
7 77 20
90 108 43
74 18 43
50 29 29
19 89 27
21 5 27
36 77 20
84 77 26
7 18 43
20 18 43
126 92 15
72 80 28
70 49 20
71 53 29
70 92 15
79 127 43
109 102 16
50 57 12
77 115 27
78 89 27
97 87 27
29 28 40
1 43 15
113 125 19
50 82 29
111 43 15
113 89 30
1 29 28
89 100 9
100 59 27
5 9 27
73 1 30
87 21 30
59 57 27
37 116 27
5 116 27
77 10 29
50 58 30
34 86 2
7 107 43
113 21 19
134 5 40
77 74 27
31 53 13
5 38 30
36 89 20
46 130 11
109 20 0
59 49 19
134 96 22
81 21 27
106 7 0
19 50 18
113 73 27
19 77 18
124 91 28
39 93 43
73 89 40
5 74 30
89 125 19
123 37 0
30 29 13
106 87 27
11 55 13
49 99 27
19 57 19
73 56 30
98 100 20
45 50 19
100 58 27
65 102 29
50 113 5
10 18 43
71 118 41
12 56 13
53 19 27
123 20 0
125 50 26
87 122 30
59 99 19
3 19 19
5 27 30
78 100 26
83 70 29
77 9 30
56 92 15
102 134 13
77 49 9
22 57 26
41 78 33
50 19 5
116 73 27
19 28 5
88 128 26
127 77 26
45 77 19
42 5 19
73 28 30
113 28 27
35 18 43
65 89 28
87 132 29
29 89 40
75 99 25
105 63 27
64 18 43
5 28 18
118 120 45
77 46 36
50 17 27
127 113 7
49 100 40
59 77 30
65 126 29
116 50 27
29 92 15
76 16 17
16 4 13
63 52 19
8 73 27
95 77 42
113 5 27
87 25 30
1 50 20
73 113 5
90 81 26
113 59 19
75 81 5
96 92 15
10 99 27
30 57 20
111 82 29
59 21 18
59 113 19
99 113 19
19 46 36
95 81 42
57 10 29
19 128 36
113 16 30
59 56 30
89 59 19
124 91 33
55 64 43
70 87 2
39 96 29
99 4 30
84 57 26
77 73 19
10 21 27
48 23 27
106 89 26
28 25 27
21 43 15
100 17 41
30 11 13
128 101 14
59 9 30
75 100 5
11 5 27
117 27 41
124 109 33
76 25 17
82 59 40
19 16 30
92 107 43
28 89 19
50 9 27
123 132 0
134 63 40
49 81 19
21 27 27
59 63 43
82 52 20
17 107 43
5 110 19
109 126 23
46 67 14
101 18 43
81 4 41
97 59 27
84 81 26
104 64 43
19 77 30
84 50 26
30 81 20
34 81 42
109 44 0
41 109 28
10 87 2
87 57 30
119 83 10
11 34 13
91 73 0
55 111 2
28 59 27
89 52 5
113 44 36
1 12 13
113 56 27
34 99 40
75 20 31
99 63 19
87 28 18
63 21 19
39 109 11
50 81 40
31 57 20
59 92 15
42 28 19
37 87 27
50 28 5
67 50 20
118 17 13
10 81 20
70 73 27
73 45 43
113 21 30
109 70 0
29 81 20
57 73 30
52 81 40
19 57 30
77 134 29
109 64 23
21 108 43
81 57 19
123 50 0
7 134 13
87 27 27
89 57 30
29 19 20
87 5 18
104 57 27
34 70 13
38 107 43
99 5 18
25 43 15
95 19 6
87 73 30
27 118 13
125 128 26
55 64 13
85 5 31
106 96 14
22 46 13
46 114 14
42 115 17
54 18 43
51 88 45
123 31 0
65 20 29
132 52 20
31 63 27
83 28 28
5 57 27
55 28 27
60 134 13
39 68 29
87 50 19
57 1 30
23 92 15
97 89 27
89 28 30
87 77 30
46 66 29
89 53 29
5 81 19
113 59 30
57 50 9
60 77 27
106 50 26
123 60 0
29 5 27
43 92 43
19 74 27
10 5 2
29 52 40
47 19 20
100 49 19
81 110 19
71 15 29
81 18 43
51 93 43
109 50 27
59 89 30
20 77 20
73 87 5
51 88 11
11 89 27
132 18 43
97 28 27
19 50 5
42 87 5
113 122 30
30 107 43
73 125 19
63 77 19
77 57 5
13 58 41
23 109 11
84 49 26
116 57 30
28 122 27
31 30 13
19 103 19
104 5 27
35 98 43
71 99 27
39 67 14
96 73 20
87 21 18
53 83 2
38 73 20
104 96 22
53 116 27
71 32 41
103 19 26
32 28 28
19 56 27
100 57 5
106 5 27
102 21 27
21 118 27
97 96 22
23 101 29
75 132 31
58 9 43
34 59 27
114 92 15
47 7 13
86 122 41
84 43 34
52 23 36
80 73 26
127 63 7
8 19 27
54 52 3
10 73 20
50 57 30
63 10 29
82 77 40
76 27 17
113 74 30
100 27 27
28 77 19
95 32 2
41 80 33
110 63 19
6 77 26
59 99 27
65 77 28
21 134 29
59 44 36
36 10 28
116 113 27
22 66 29
113 19 30
22 67 14
53 21 2
34 89 20
131 1 13
24 89 28
71 100 28
57 16 30
106 67 14
24 73 28
35 43 15
79 87 5
39 48 14
102 57 20
41 90 33
53 113 40
11 59 27
82 55 13
73 59 5
41 68 29
5 113 27
59 38 30
20 21 2
113 131 27
88 46 26
87 63 19
87 5 27
70 32 2
75 43 15
45 108 43
14 92 15
39 107 43
99 115 27
20 10 13
50 52 36
22 96 14
127 113 5
75 52 5
29 53 13
109 87 16
113 43 15
15 18 43
100 9 27
132 104 37
103 43 34
89 38 27
118 9 13
109 47 0
89 16 27
11 10 13
60 53 13
109 52 6
11 19 20
113 56 30
19 51 36
99 116 43
5 89 19
94 119 10
90 43 15
67 100 20
50 73 9
81 36 28
19 73 18
126 95 13
53 43 15
35 77 27
3 5 19
83 99 28
70 10 13
34 52 20
31 18 43
28 116 30
91 99 0
106 82 0
104 10 13
128 106 11
109 100 26
106 20 16
73 42 26
83 20 29
109 53 23
102 60 13
41 84 28
10 87 27
39 78 11
15 89 20
126 55 13
57 19 5
1 107 43
134 113 2
19 118 30
96 43 15
28 99 18
100 74 27
75 73 7
28 1 30
34 57 20
60 10 13
29 87 27
81 57 5
106 80 43
65 5 27
53 5 40
53 50 27
13 59 28
115 20 28
134 87 2
71 56 41
65 118 41
5 45 43
57 28 5
89 108 43
124 90 33
64 50 27
50 116 19
103 100 26
134 52 20
23 78 11
86 5 28
65 29 29
86 132 24
8 52 20
27 19 20
19 122 27
64 57 20
19 5 5
113 21 9
28 57 19
24 93 43
77 63 30
101 77 42
5 99 30
81 49 40
126 99 27
19 89 5
86 70 29
12 58 13
106 10 23
75 104 31
89 115 27
34 57 6
82 21 2
55 99 2
87 9 30
57 21 5
88 23 26
111 106 28
39 67 29
13 107 43
77 49 40
50 113 30
132 81 20
22 77 26
21 4 30
49 42 26
73 28 19
57 52 19
113 88 19
109 47 16
57 59 5
101 77 3
99 50 19
81 99 27
71 73 28
21 38 30
2 107 43
73 4 30
38 57 20
19 131 30
126 43 15
32 49 28
10 50 25
78 57 42
106 63 0
109 87 0
9 92 15
70 28 40
86 32 24
71 10 29
47 82 13
89 77 5
26 109 7
47 64 43
50 38 30
50 89 12
35 19 20
7 21 27
73 57 30
86 38 41
51 73 6
83 38 41
57 58 30
128 103 11
127 107 43
20 73 20
102 92 15
87 77 27
100 28 5
79 77 6
35 64 43
100 117 43
32 122 41
34 77 40
28 113 27
37 64 43
51 19 6
77 87 5
134 63 27
51 120 45
15 81 20
10 64 13
57 45 43
3 92 15
80 43 15
73 77 12
50 115 27
132 77 20
77 28 19
59 57 19
134 28 2
36 43 15
55 87 2
75 19 25
77 22 36
19 28 19
50 125 19
37 73 20
111 1 41
13 132 8
81 122 41
77 73 5
120 76 26
94 59 28
111 24 28
34 100 20
12 9 13
103 28 27
70 18 43
63 73 27
47 81 20
86 10 29
22 54 14
19 50 40
9 120 45
95 89 40
11 73 20
29 73 27
59 42 27
83 10 29
60 116 27
50 87 27
36 4 13
63 116 19
55 5 27
132 100 20
28 45 19
24 132 8
31 37 13
10 21 2
111 122 41
87 74 27
11 43 15
89 88 19
52 83 2
81 100 40
20 50 27
50 5 27
39 103 11
127 28 7
81 63 19
21 132 29
47 105 13
28 9 30
65 21 28
21 89 19
29 1 26
106 11 0
109 7 16
102 82 13
79 73 6
91 55 0
106 8 23
20 96 22
82 50 20
50 52 9
50 45 19
111 10 29
79 57 5
113 17 30
113 59 9
11 116 27
63 122 30
72 106 33
96 18 43
49 57 5
9 16 13
99 65 29
61 107 43
42 76 43
70 96 22
48 72 27
57 52 40
10 43 15
71 38 28
52 43 15
111 31 29
131 43 15
48 46 27
19 74 30
11 70 13
71 12 41
89 57 18
52 73 40
116 63 19
8 50 27
73 52 19
28 56 27
77 39 36
20 100 40
128 101 29
47 28 27
99 63 43
51 114 14
78 57 40
60 87 27
63 36 30
78 101 14
73 70 29
20 107 43
34 55 13
30 28 27
81 56 27
57 99 27
39 88 45
82 5 40
78 80 43
116 87 19
106 50 0
106 57 0
119 43 15
59 99 18
23 6 11
78 81 26
70 89 40
49 50 5
7 99 27
132 98 43
126 77 27
103 108 43
55 89 20
87 128 29
81 16 27
81 16 41
32 1 28
86 49 28
46 88 11
119 93 43
123 126 0
24 77 28
19 9 30
28 5 18
78 57 27
3 49 19
59 1 30
110 59 19
23 80 11
75 73 26
57 73 19
3 28 19
79 19 26
123 85 0
50 118 30
49 9 41
19 53 29
59 116 30
113 53 29
126 96 22
89 52 19
87 36 30
91 29 0
110 77 19
21 28 19
28 25 30
25 18 43
20 99 27
32 87 28
42 57 19
87 134 29
95 49 20
100 115 41
100 87 5
63 17 27
42 89 19
95 28 40
11 50 20
76 113 19
87 116 19
50 118 27
70 35 13
87 81 19
75 21 25
101 92 15
73 19 12
111 27 28
16 120 45
57 42 26
75 35 31
106 34 23
24 87 28
78 87 27
21 82 29
35 87 27
28 43 15
102 81 20
113 116 43
41 80 28
77 29 29
77 19 40
106 59 27
38 17 13
73 19 27
113 73 19
34 99 2
60 57 27
50 52 19
28 58 30
86 52 28
91 43 15
60 59 27
115 53 28
46 80 11
40 124 43
50 43 15
72 78 33
82 71 2
70 5 40
38 56 13
120 129 43
70 65 2
19 43 15
52 13 2
32 132 8
44 43 15
8 35 13
72 123 33
111 86 35
91 31 0
59 5 27
59 50 27
127 57 7
7 55 13
77 5 30
5 12 30
40 92 15
86 15 29
19 36 30
21 19 27
106 60 23
106 28 27
52 19 19
34 19 40
79 113 7
55 77 20
82 19 40
55 107 43
109 73 6
95 21 40
91 43 34
78 59 40
77 106 19
109 80 43
95 5 2
29 18 43
111 4 41
29 43 15
99 28 27
89 1 27
114 67 43
50 81 19
132 126 37
87 5 30
36 50 20
82 73 20
57 76 26
29 10 13
82 5 2
134 73 40
99 52 19
59 25 27
49 87 19
5 108 43
63 57 30
7 10 13
51 43 15
49 89 19
53 100 20
95 113 40
64 100 20
85 2 31
42 52 19
91 19 26
76 9 17
53 86 2
118 74 13
72 48 29
21 52 19
123 52 26
34 63 40
70 43 15
95 87 40
11 87 27
70 21 2
49 12 41
57 113 30
106 64 16
29 37 43
7 63 27
86 102 29
29 35 13
116 113 19
10 71 2
95 86 2
17 122 13
94 43 15
19 22 36
70 89 27
20 87 27
57 16 27
75 5 7
28 16 30
14 0 43
77 89 12
100 28 27
86 74 41
21 89 30
38 77 20
81 39 36
109 126 16
89 50 40
19 50 4
69 50 26
111 86 32
55 59 2
45 21 19
79 19 5
42 74 17
63 110 19
49 36 28
30 50 20
26 123 7
72 103 33
15 77 27
99 73 19
54 101 43
87 43 15
49 89 5
8 87 27
70 50 20
30 47 43
131 70 28
19 38 27
75 99 31
50 21 30
125 120 27
105 134 13
101 19 3
46 129 11
70 55 13
73 116 19
86 73 28
73 63 30
49 77 28
48 51 27
77 73 26
81 100 19
8 107 43
19 116 43
76 5 31
76 63 19
105 10 13
94 100 28
106 63 27
46 107 43
82 107 43
102 89 27
19 50 26
99 19 30
52 111 2
36 82 28
73 52 5
28 76 27
35 89 27
100 59 5
119 0 43
63 134 29
81 36 27
50 89 30
102 18 43
95 21 27
133 93 43
21 81 19
5 50 30
7 105 13
85 92 15
109 52 26
91 89 26
70 77 27
75 11 31
95 99 2
21 42 27
109 30 16
134 99 2
50 12 27
49 19 5
69 57 26
24 107 43
116 99 19
63 92 15
79 52 6
1 134 28
63 82 29
123 77 26
48 92 15
20 64 13
50 77 19
123 105 0
76 89 19
27 10 28
111 132 8
126 52 20
57 52 5
86 115 41
109 89 16
115 17 13
75 63 25
109 73 16
47 77 20
13 113 28
11 19 27
87 89 27
101 57 20
57 116 30
95 34 13
105 99 27
123 102 0
1 17 13
100 89 28
35 63 27
126 47 43
81 89 5
111 107 43
38 118 13
131 53 28
128 107 43
106 126 16
116 89 27
11 50 27
102 20 13
78 50 42
91 64 0
57 1 27
87 113 30
83 4 41
8 100 20
30 57 27
19 99 19
71 38 41
92 93 43
49 125 19
81 50 28
7 59 27
70 49 40
91 63 0
28 118 27
89 50 30
40 123 28
74 43 15
52 113 19
99 113 30
101 19 42
45 59 19
81 99 5
109 35 23
99 36 27
55 99 40
71 19 28
24 106 28
91 92 34
103 129 43
26 93 43
21 28 30
99 118 30
87 99 9
65 28 27
58 56 43
71 104 29
73 58 27
21 118 30
50 77 5
13 17 41
9 25 13
57 132 29
24 50 28
5 77 27
30 98 43
95 19 40
109 59 27
123 70 0
109 10 16
63 89 30
100 21 27
110 5 19
79 59 5
77 73 40
15 50 27
81 73 28
5 59 30
99 25 27
10 59 40
125 73 26
105 57 27
75 15 31
34 19 27
73 9 30
77 120 19
12 25 13
81 27 27
65 131 41
109 70 16
86 9 41
42 28 31
10 83 2
63 99 30
80 52 26
34 19 42
76 107 43
113 58 27
91 73 26
38 74 13
125 77 26
53 18 43
132 15 37
120 92 15
17 18 43
45 28 19
63 25 27
113 19 27
65 113 27
47 89 27
77 50 27
106 134 16
112 107 43
89 20 29
44 0 43
91 123 43
5 118 27
22 68 14
47 104 13
99 115 30
57 28 30
49 113 19
1 77 20
53 63 40
96 57 20
72 92 15
100 38 41
100 73 19
67 49 20
78 50 27
91 113 0
73 36 27
1 38 13
126 18 43
87 27 30
77 113 5
99 21 19
99 57 19
81 42 26
36 122 13
123 82 0
111 87 28
59 29 29
63 50 27
83 18 43
93 43 15
5 59 18
54 77 42
90 100 26
20 49 20
60 52 20
30 73 27
83 82 29
109 55 0
19 73 19
99 87 30
76 45 19
44 113 19
71 82 29
22 89 26
60 28 27
44 93 43
104 50 20
81 58 27
53 71 2
19 50 19
8 55 13
30 104 13
99 10 29
82 116 27
106 126 23
19 59 19
10 77 27
34 73 42
77 42 26
75 63 7
106 113 0
99 58 27
71 59 27
76 21 5
20 116 27
106 5 0
116 28 19
21 87 30
77 74 30
89 57 40
94 106 28
111 73 28
51 80 11
5 116 30
57 134 29
89 57 9
53 87 27
115 70 28
29 63 40
32 57 28
127 43 15
86 24 28
71 43 15
99 28 18
49 73 19
111 1 28
126 49 20
60 73 20
106 76 0
123 28 0
101 57 42
24 111 8
104 52 20
55 50 27
73 131 27
32 52 28
58 43 15
19 125 19
89 99 30
76 122 17
28 115 30
75 60 31
118 122 13
30 100 20
109 31 0
88 120 43
106 99 0
53 50 40
32 20 29
77 52 40
120 88 27
105 18 43
115 131 43
75 63 5
81 115 41
116 19 30
2 92 15
94 5 28
49 59 5
5 131 27
100 46 36
46 103 11
27 18 43
105 98 43
134 92 15
57 77 5
29 52 20
1 118 13
65 16 41
29 57 27
30 116 27
87 77 19
50 36 27
123 77 0
88 108 43
51 129 11
36 134 28
45 92 15
60 126 43
77 5 19
115 74 13
124 78 33
13 86 44
8 82 13
100 109 19
116 49 19
49 5 19
100 57 28
44 5 10
53 19 20
77 58 30
45 3 19
109 82 0
19 81 40
32 104 29
55 73 40
49 25 41
106 15 16
29 50 27
70 73 40
74 25 13
13 5 28
109 37 0
50 87 5
86 89 28
5 25 30
118 18 43
94 113 28
52 128 36
126 105 13
21 59 19
15 126 43
87 99 30
73 109 19
111 78 28
98 107 43
110 99 19
54 57 42
28 38 30
46 54 14
28 4 30
101 89 3
75 50 7
97 89 20
65 74 41
110 81 19
15 10 13
50 89 19
134 1 26
77 3 19
81 117 43
100 9 41
51 23 13
88 113 19
52 108 43
19 76 26
55 87 27
87 58 27
63 17 30
57 63 27
71 134 29
45 63 19
37 82 13
133 43 15
116 87 27
96 19 20
124 48 29
75 87 25
100 23 36
104 81 20
28 110 19
5 44 36
27 89 20
59 77 27
128 66 14
61 92 15
97 18 43
87 17 27
89 57 5
8 73 20
14 113 19
79 21 5
120 39 26
29 113 2
113 87 12
8 28 27
113 45 43
106 50 6
104 55 13
23 106 11
88 120 27
81 38 27
116 110 19
30 89 27
91 80 43
94 111 35
57 9 30
21 12 27
32 29 29
134 99 27
100 39 36
106 134 0
78 34 14
106 77 0
8 19 20
122 107 43
34 73 6
91 21 0
79 57 7
28 16 27
95 13 2
91 57 26
95 19 20
54 50 42
19 73 26
57 59 19
95 70 13
100 21 5
99 53 29
35 19 27
57 28 27
75 34 31
11 99 27
59 27 27
52 87 19
35 59 27
87 99 19
19 113 30
123 29 0
106 85 0
36 92 15
73 49 9
100 18 43
26 78 7
85 0 43
81 28 27
83 81 28
10 89 20
99 122 27
28 12 30
41 106 28
117 16 41
87 44 10
29 64 43
19 12 30
102 63 27
36 56 43
28 27 27
110 116 19
19 23 36
77 103 19
81 19 19
15 7 13
77 131 27
40 107 43
101 100 42
70 87 27
57 36 30
123 134 0
50 73 40
73 17 27
50 1 27
59 36 27
79 73 7
100 12 27
57 19 19
44 107 43
71 126 29
71 18 43
86 100 28
22 106 11
28 49 19
42 77 19
79 81 5
90 129 43
95 65 2
59 21 43
20 37 43
17 43 15
126 60 13
21 99 19
5 50 27
39 54 14
11 107 43
87 116 30
19 56 30
63 118 27
72 106 28
5 63 43
89 132 29
89 77 40
109 15 0
120 108 43
82 100 40
103 50 27
36 70 28
126 73 27
65 117 43
23 103 11
109 10 23
57 78 19
120 61 26
91 35 0
77 116 43
49 76 26
27 50 20
79 77 26
126 29 13
104 100 20
77 113 27
32 18 43
95 57 40
30 19 27
77 56 30
35 73 27
5 63 27
13 27 28
22 103 11
65 60 29
134 50 40
30 19 20
106 39 27
19 122 30
89 49 40
63 20 29
89 99 19
109 57 26
17 125 45
106 92 34
70 19 27
49 16 41
82 99 2
63 132 29
21 25 30
35 37 43
11 92 15
32 99 28
11 113 27
100 25 27
102 126 43
57 109 19
37 100 20
20 55 13
102 98 43
89 77 9
31 99 27
53 52 40
86 25 41
81 1 27
76 99 31
87 99 27
134 59 2
99 73 27
103 99 27
25 107 43
71 115 41
3 43 15
102 19 27
109 19 27
111 100 28
99 77 19
79 100 6
31 64 43
32 74 41
75 31 31
21 45 43
10 59 27
21 115 27
71 28 27
61 23 17
19 63 43
77 12 27
58 92 15
71 99 33
73 134 29
77 59 27
95 92 15
30 34 13
47 21 27
57 56 30
53 37 43
132 73 20
95 29 13
54 67 43
86 36 41
1 58 13
50 73 18
29 98 43
63 29 29
115 92 15
19 42 26
128 109 11
118 25 13
26 88 7
76 77 19
123 114 14
87 10 29
50 89 27
75 106 19
125 46 26
75 7 31
58 88 45
90 77 26
113 63 43
60 19 20
57 25 27
49 89 28
57 29 29
134 98 43
99 59 18
31 73 27
113 63 30
30 64 13
26 91 7
113 58 30
40 78 33
22 73 26
109 77 27
76 74 17
113 116 27
99 45 43
48 40 27
21 73 30
69 113 19
121 107 43
51 67 29
52 77 19
59 4 30
77 89 27
84 43 15
120 92 26
73 113 19
51 57 6
50 52 5
5 87 36
104 63 27
69 92 15
105 8 13
7 87 27
109 28 27
123 43 15
47 31 13
13 117 43
106 21 0
117 25 41
63 5 30
100 63 19
46 128 13
35 107 43
24 2 43
89 87 27
126 15 13
86 60 29
19 131 27
82 57 40
36 57 20
53 77 27
103 63 27
15 100 20
109 82 16
100 4 27
45 99 19
23 90 11
73 16 27
22 129 11
65 58 41
70 83 2
123 42 0
97 100 20
21 58 30
32 83 43
16 18 43
28 77 30
11 96 22
46 84 11
54 81 42
134 55 13
29 77 40
26 84 7
81 116 19
11 95 13
106 73 6
124 43 15
77 50 19
89 87 5
21 16 27
123 92 34
49 100 19
95 53 13
38 25 13
66 43 15
50 57 27
5 10 29
116 73 30
73 82 29
22 49 26
30 49 20
109 64 16
59 131 30
21 27 30
95 99 40
104 37 13
77 73 18
28 19 30
91 50 26
40 66 29
95 113 2
70 59 40
22 78 11
65 17 41
121 92 15
134 10 13
87 1 27
75 57 5
15 99 27
82 52 40
87 36 27
34 52 40
79 49 5
128 93 43
76 73 19
89 109 19
134 18 43
77 45 19
59 132 29
21 73 27
79 89 26
89 50 12
28 20 29
76 115 17
99 1 30
28 122 30
21 73 19
100 5 19
115 122 13
88 42 26
76 5 19
100 50 28
20 100 20
95 28 27
100 51 36
106 42 0
83 30 29
106 60 0
127 92 15
54 96 8
101 50 20
41 92 15
109 49 26
19 38 30
117 1 41
29 96 22
11 52 20
116 77 30
82 81 20
60 105 13
83 113 28
81 22 36
51 84 11
31 87 27
50 57 36
126 59 27
65 1 28
57 17 30
30 8 13
109 100 6
32 31 29
45 116 19
55 21 2
50 99 30
47 107 43
61 43 15
104 47 43
10 77 25
63 74 27
52 49 19
55 49 40
89 50 19
63 36 27
54 92 15
5 122 27
21 89 27
87 76 27
8 18 43
78 87 40
41 106 33
91 102 0
109 73 27
109 63 0
57 73 26
15 55 13
83 57 28
89 19 43
113 1 27
29 50 20
75 49 26
34 13 2
59 73 30
55 113 27
64 98 43
127 77 7
5 73 30
78 49 42
81 51 36
123 100 26
34 59 40
63 113 19
6 100 26
7 5 27
132 102 37
115 56 13
7 64 43
99 12 27
64 73 20
79 93 43
52 46 36
50 100 9
15 73 20
87 5 9
27 25 13
29 100 40
37 35 13
7 35 13
120 42 26
87 57 27
34 77 3
81 3 19
109 50 26
28 10 29
95 73 42
49 115 27
73 50 18
82 100 20
13 38 41
81 57 28
21 110 19
51 125 11
89 4 30
41 84 33
123 19 26
105 19 20
21 122 30
42 99 31
95 57 6
71 27 41
98 43 15
75 28 25
113 28 9
19 59 30
89 57 12
83 126 29
15 92 15
59 113 30
69 89 26
27 57 20
59 63 27
50 16 27
120 51 26
70 28 27
8 37 43
31 96 22
111 86 24
81 21 19
87 28 19
77 100 19
126 19 27
35 113 27
81 36 41
94 113 19
45 52 19
103 77 26
123 49 26
75 89 25
127 73 5
98 49 20
28 50 30
34 50 20
34 50 27
79 52 26
5 99 18
35 92 15
91 19 0
32 58 41
15 28 27
19 77 9
127 89 7
31 50 20
134 5 27
81 19 28
81 74 27
28 77 27
53 92 15
99 56 30
31 116 27
32 126 29
75 99 5
95 81 20
99 76 27
111 56 41
62 0 43
44 92 15
21 10 29
34 87 40
36 1 13
60 55 13
100 73 28
53 64 13
72 93 43
58 4 13
6 108 43
36 20 28
69 107 43
100 115 27
48 22 27
22 19 26
78 52 42
95 64 13
2 0 43
73 28 5
132 19 20
111 38 41
86 4 41
30 18 43
97 98 43
101 49 20
59 70 29
107 43 15
115 16 13
116 89 19
77 12 30
99 21 43
57 131 27
57 131 30
30 10 13
95 5 27
65 7 29
116 21 19
106 114 14
86 7 29
5 89 27
105 20 13
106 126 0
20 98 43
91 11 0
73 57 19
50 134 29
120 43 15
5 122 30
63 38 27
111 115 41
111 77 28
76 28 31
81 76 26
0 43 15
28 73 27
61 22 17
42 92 15
73 118 30
73 89 19
64 113 27
57 36 27
81 45 19
5 16 27
82 50 40
85 24 31
87 131 30
19 57 26
50 99 19
49 131 27
51 89 6
10 64 43
102 43 15
130 106 34
87 3 19
113 59 18
34 21 2
71 29 29
110 73 19
78 77 40
78 52 26
15 82 13
123 108 43
106 82 16
111 132 37
102 29 13
63 45 19
99 5 27
53 89 27
113 120 27
77 59 30
91 108 43
111 131 41
83 49 28
49 27 28
132 43 15
53 77 20
83 7 29
50 4 30
77 73 12
91 76 0
21 63 30
116 52 19
19 77 26
113 50 27
114 52 20
77 116 27
21 1 30
95 50 42
63 87 30
50 28 19
128 129 11
86 131 41
57 3 19
87 29 29
122 18 43
76 36 17
11 20 13
100 16 27
65 38 28
106 55 0
97 49 20
10 50 27
35 5 27
5 21 18
82 19 27
22 81 26
59 87 30
23 67 14
50 87 30
37 95 13
60 50 20
128 54 29
94 92 15
58 56 13
67 43 15
52 49 40
99 27 30
63 113 27
88 43 26
106 82 23
19 106 19
110 113 19
95 71 2
3 87 19
23 114 14
70 99 27
89 3 19
77 82 29
22 88 45
116 63 27
75 28 7
25 56 13
50 22 36
34 37 43
30 53 13
116 21 30
55 81 20
83 16 41
106 31 23
54 49 20
126 19 20
124 103 33
109 99 27
42 63 19
100 5 27
106 30 0
49 1 28
59 4 27
10 50 20
73 38 27
95 89 6
104 21 27
76 12 17
77 63 19
27 74 13
109 31 23
65 36 41
17 58 13
88 113 5
113 99 18
112 93 43
115 38 13
83 1 41
75 77 25
81 5 27
79 113 5
57 89 5
109 64 0
50 99 27
99 59 27
87 59 19
80 43 34
102 116 27
113 17 27
7 34 13
5 17 27
42 28 5
53 113 2
100 99 5
134 59 27
77 89 40
102 87 27
77 53 29
21 59 30
100 1 28
53 65 2
53 99 2
47 87 27
127 77 5
50 19 12
109 11 23
10 99 2
87 4 27
95 89 3
91 60 0
10 20 43
89 113 19
64 92 15
81 5 19
23 91 11
79 28 7
102 7 13
37 34 13
19 52 36
70 57 20
103 21 27
73 19 40
32 59 28
100 77 5
89 45 19
76 59 5
86 27 41
73 50 30
54 50 3
88 43 15
73 115 30
109 20 23
14 43 15
81 28 5
63 27 30
47 43 15
87 73 27
5 45 19
125 52 26
109 105 0
105 81 20
29 32 2
31 70 13
73 50 40
75 19 5
35 49 20
28 132 29
8 92 15
3 77 19
123 104 0
127 57 26
114 89 20
106 37 0
127 76 7
87 113 18
109 11 0
71 49 28
59 116 43
102 89 20
82 37 43
96 50 20
117 92 15
123 11 0
89 59 30
54 73 3
75 8 31
20 5 27
28 89 30
75 52 26
81 115 27
19 87 5
85 113 19
21 77 19
113 5 9
4 92 15
31 126 43
89 50 5
89 45 43
59 27 30
55 89 40
52 100 19
113 38 27
100 1 27
77 5 5
46 91 11
30 60 13
55 5 40
134 35 13
78 63 40
115 25 13
89 59 5
9 58 13
102 96 22
113 21 43
82 99 40
34 18 43
21 56 30
109 134 16
126 70 13
91 77 26
42 113 5
102 73 20
11 35 13
21 56 27
65 18 43
82 98 43
57 73 12
123 5 0
20 86 2
5 58 27
12 77 20
65 10 29
134 29 13
95 8 13
99 50 27
32 132 29
70 64 13
63 118 30
41 103 33
22 84 11
132 7 37
19 77 5
87 92 15
109 77 16
86 36 28
50 63 30
77 17 27
57 27 27
30 70 13
95 21 2
20 19 27
78 50 26
99 89 30
83 118 41
59 21 19
104 98 43
77 20 29
15 19 20
116 50 30
45 57 19
75 21 7
102 105 13
101 57 3
125 92 15
13 28 28
19 58 30
49 27 27
34 57 42
42 21 5
75 70 31
52 71 2
59 89 19
75 59 7
60 57 20
79 49 6
32 89 28
19 50 30
89 19 36
41 123 28
73 19 36
128 68 14
27 4 13
114 49 20
60 8 13
72 91 28
26 43 15
20 21 40
91 5 0
77 1 27
113 28 19
100 4 41
106 78 18
65 115 41
113 128 29
77 131 30
