2441
12230 10687 52
13128 8270 30
1204 2065 75
10940 8579 177
4105 5189 111
14222 5309 78
8510 5252 84
7034 11414 142
13540 4000 17
13336 13883 43
10899 13594 14
7877 10687 52
2874 12389 14
2167 628 115
5054 7279 86
5952 4000 17
10457 11222 75
13599 12389 14
2497 12389 14
1756 5953 78
5308 12389 14
7829 8620 30
13092 7183 30
2419 9991 203
13201 9389 124
10977 9403 14
9721 13844 30
468 7279 14
538 8448 84
14312 8375 67
8949 12389 14
1661 13392 67
71 14218 14
5042 10562 55
14319 12033 17
12976 10622 229
3058 13392 67
13166 10773 84
6505 6691 203
13275 4000 17
63 2666 124
10946 6429 127
9267 11731 55
2514 2880 184
10304 547 55
9556 6818 30
12742 12389 14
13707 9991 203
270 12389 14
2511 13574 43
14057 1216 91
12827 12389 14
4019 13594 14
4701 12065 55
9805 8394 30
3748 11354 30
2023 5631 75
14301 12033 17
812 12389 14
6988 12389 14
4004 722 84
12387 4000 17
1156 8126 225
8111 13374 218
12103 13392 146
7945 12389 14
3792 4000 17
4816 8282 30
10458 6483 52
9399 10890 191
6645 13392 67
3028 12580 142
7755 4301 30
919 13182 30
3227 12389 14
9441 13148 14
1061 4000 17
12023 13958 48
954 4000 17
13236 13392 146
5568 4503 186
3108 12389 14
11281 12389 14
4230 4000 17
12664 10687 52
8955 10215 75
13001 6095 78
8579 4000 17
11672 5741 30
13979 4000 17
12547 4884 52
5496 10024 55
9431 11569 164
13215 14104 14
4092 12389 141
8442 13392 67
7888 11852 78
8781 9403 14
8781 575 30
2801 6659 191
1995 376 66
8552 12389 14
5074 12389 14
14392 13392 67
6635 11502 43
7102 11202 84
10436 2666 124
3061 1105 84
5210 4000 17
5309 12389 86
593 1216 91
2238 4000 17
11902 9878 93
13895 12389 14
4519 2345 91
10295 12389 14
11815 4000 17
1217 10628 30
4661 4884 52
1465 4000 17
12140 9389 124
13420 3497 115
318 4000 17
7075 14026 30
10342 8886 53
7221 13392 154
9342 12033 17
4030 9403 14
5310 9412 199
1928 11748 43
7504 9403 14
4226 13594 14
4208 6230 78
9118 3273 43
10234 6483 52
10770 13148 14
214 13148 14
8558 4000 17
9543 10687 52
2555 182 30
1488 4000 17
13432 4131 78
398 4000 17
6947 13610 67
6267 12389 14
12335 4820 30
13077 4000 17
11617 2885 142
2347 10687 52
7011 13594 14
1894 8799 177
12686 2476 124
4758 12033 17
11456 2556 115
4477 9403 14
7041 12389 14
8553 12389 14
2505 12033 17
388 12389 14
14069 12968 30
3589 3256 222
4285 4000 17
3775 4000 17
13415 5489 53
3621 8621 154
5494 3169 52
14526 4503 186
1654 10687 52
5496 9389 124
11962 12388 135
6417 11222 75
9736 2148 78
4348 4101 53
10914 8897 164
6626 9991 203
6685 9091 55
9843 14441 127
6094 134 203
9028 1895 30
10656 12389 14
6990 12033 17
1460 12033 17
865 4000 17
3310 7626 127
9645 13841 30
8520 4272 142
9005 4000 17
13513 5592 48
13742 13280 84
10758 6879 30
9173 4000 17
2513 8297 84
6159 4000 17
10403 2399 154
11440 4884 52
4855 6526 14
13230 4301 30
7597 9389 124
8223 9389 124
12413 13063 14
12591 10904 30
10214 12389 14
10439 12389 14
11705 10687 52
10652 12389 14
4598 5729 48
7752 10687 52
5163 12033 17
8267 13620 67
5270 9403 14
9085 13163 111
13117 5489 53
1916 6465 43
14529 7030 199
3570 13546 78
7586 2700 48
8711 12389 14
14513 3273 43
4970 12389 14
8775 4000 17
8811 11130 67
11266 12968 30
5498 1895 30
8655 12033 17
6315 10687 52
448 4570 115
14149 4101 53
3769 12033 17
3158 12065 55
12972 11222 75
547 12389 14
7134 11473 67
6018 10687 52
5702 4000 17
3872 12033 17
2187 13883 43
4025 11385 30
11565 3189 30
683 11350 111
9121 12389 14
12225 12389 141
1798 7559 78
4100 6483 52
229 4000 17
12710 10264 55
4092 13392 146
9871 12697 53
5160 8886 53
3968 14425 30
5826 13229 84
5826 14186 115
7366 11350 111
10489 12033 17
27 13594 14
3526 6483 52
11363 8410 75
1725 4000 17
10835 5631 75
9262 11202 84
11969 9403 14
6159 12389 14
6983 4884 52
6395 12389 14
3960 7515 53
131 3781 222
12394 10215 75
360 11202 84
8258 9389 124
4047 4884 52
6702 12389 14
6320 14221 55
11042 12389 14
7397 4000 17
4126 4000 17
1777 4000 17
14275 9595 78
165 12389 14
4764 4243 48
10684 11805 14
12131 4000 17
12086 5646 78
10982 4000 17
3011 1216 91
10734 4000 17
3723 4000 17
592 12033 17
8040 8886 53
7627 4000 17
353 12389 14
2279 1143 78
6597 12389 14
2237 12389 14
2687 13392 146
11298 13594 14
1962 11350 111
12503 13063 14
11949 9403 14
13835 8841 78
1998 9991 203
314 12488 30
11758 4000 17
1944 12033 17
10693 8924 52
7977 10215 75
3048 10215 75
8205 4000 17
1640 12389 14
5139 10755 75
8139 13148 14
8598 8323 30
11028 3278 53
10080 13392 67
3889 10215 75
6311 13138 111
4198 6959 30
10208 12389 14
8466 3105 30
3081 4301 78
13322 5189 111
11156 6112 52
12371 13280 84
13769 4000 17
6756 3815 55
13165 5489 53
10667 12033 17
2806 12389 14
5144 8535 53
13400 2885 142
6378 4000 17
8180 5341 30
12525 12033 17
6990 13148 14
1198 8872 55
5398 7069 133
712 12389 14
6808 5953 78
3501 13594 14
9532 4884 52
11359 4301 93
1895 10687 52
7620 7559 30
13091 9577 48
2441 5064 84
1581 4000 17
4406 12389 141
2724 2597 14
9484 4000 17
2159 7030 199
8937 12389 14
6346 12389 14
13819 12033 17
12469 4000 17
11072 10344 55
10848 12033 17
14464 12033 17
2463 8024 142
1541 2666 124
3826 10215 75
7991 6483 52
5767 4000 17
3709 4000 17
11047 10755 75
11594 6025 133
10611 11069 53
6331 13148 14
813 9389 124
10639 13867 30
3815 4000 17
866 3025 66
12067 4000 17
3977 12033 17
10320 12638 55
11004 6361 53
12032 10687 52
12335 1223 196
6591 2352 14
10435 4388 196
6926 11350 111
12145 12389 14
6735 4000 17
6363 5953 78
104 14183 177
3300 13594 14
314 12033 17
12965 12332 78
7859 5616 14
10608 2476 124
8583 8886 53
5421 405 55
958 8399 52
5682 13392 67
297 10681 30
3369 1216 91
7950 10687 52
4461 12389 14
12762 12389 14
4867 12389 14
3545 4000 17
453 2824 30
12491 14425 30
12173 12389 14
9912 12389 14
852 10536 30
2580 1966 55
2580 7954 184
12318 1764 164
6715 12389 14
69 4000 17
13372 4000 17
7181 8237 127
882 11350 111
1877 11222 75
1813 1613 66
11353 12389 14
3488 12389 14
12542 12495 30
8197 11793 55
9356 4503 186
2305 9389 124
9869 12389 14
3056 4000 17
5860 3169 52
8500 9403 14
6050 13594 14
11574 10687 52
12342 10723 53
14003 12389 14
8346 1103 232
12558 13392 67
9510 10687 52
5721 4884 52
6084 12033 17
3645 1216 91
5461 13138 111
2941 2941 191
7352 7584 225
13787 14104 14
12844 12065 55
13740 4000 17
6152 20 30
9845 2666 124
419 13594 14
12616 4000 17
5977 7070 14
3398 6855 53
19 13384 66
7265 12033 17
2343 13392 67
1941 2326 84
7845 10687 52
13338 12389 14
12462 9991 203
8692 4000 17
12067 7279 14
7677 5489 53
1943 11556 55
2126 4000 17
1043 12033 17
5966 537 177
5891 11394 75
10663 13594 14
1650 6230 78
7933 9403 14
8917 8886 53
12895 4000 17
11424 569 127
3198 740 78
535 4000 17
4939 11202 84
4476 4000 17
5555 13392 67
6313 4000 17
4576 10997 55
8336 4503 186
6909 926 43
2655 12389 141
12911 9403 14
5015 4000 17
13248 1216 91
238 12033 17
12741 4529 30
2064 11069 53
7232 1895 78
8752 4738 78
6991 4000 17
6744 12538 43
9699 13734 222
852 4000 17
8153 5616 14
11409 3997 66
2019 2630 67
4136 10723 53
8709 13392 146
13319 12033 17
11051 6483 52
3565 9403 14
4990 1895 30
2850 4000 17
2421 9403 14
6853 8903 48
3233 11624 196
13227 7070 14
3448 8672 43
3236 5651 55
12275 12389 14
6147 6822 225
5941 4000 17
14011 5592 48
3917 13594 14
137 4001 30
11368 9056 93
426 12389 14
893 13594 141
14532 12538 43
5952 9403 14
465 13375 30
9310 12389 14
875 11350 111
12964 5616 14
13355 4000 17
3370 13138 111
3641 13374 218
6086 9403 14
6043 11473 67
8018 2973 30
8030 12389 14
12213 9424 67
10430 7405 43
13166 3216 55
11129 1895 30
797 4503 186
4603 10687 52
7884 11350 111
2332 14104 14
1430 4000 17
10952 699 84
2787 8847 14
10742 14122 66
2077 12389 14
13800 13063 14
3902 13392 154
5948 8261 66
11184 12033 17
2164 13392 67
836 13500 164
3149 4000 17
13283 8886 53
10632 13392 67
12755 12389 14
7223 7773 30
7031 12389 14
3944 14514 48
3122 11350 111
5432 4503 186
309 7684 67
8872 4000 17
13046 5631 75
4683 10687 52
8471 12389 14
8651 3997 115
12051 12389 14
5279 6862 55
1686 12389 14
14362 9424 154
6425 4503 186
3436 12069 84
10667 9403 14
6071 13883 43
1254 8735 67
12747 11893 14
7772 4000 17
10020 12033 17
7536 13392 67
11630 13392 67
8675 12389 14
9976 5430 115
7937 4473 30
7892 12033 17
1133 12389 14
1221 12389 14
7791 12389 14
5997 12389 141
333 4301 30
14342 4000 17
12218 12389 14
10489 13392 67
13765 11202 84
566 1216 91
12595 4000 17
4340 4000 17
11955 13392 67
11821 9412 199
405 12389 14
2943 6908 55
7284 5618 55
2671 12418 30
12433 10687 52
3904 8745 30
2169 10687 52
13588 4000 17
7775 10687 52
14451 10523 55
7602 14183 177
2262 12033 17
9649 6620 84
7504 4000 17
10302 12389 14
5085 3997 115
2716 6891 53
3911 4884 52
6024 9403 14
2078 4000 17
5372 13594 14
6075 8847 14
1916 2476 124
8670 4000 17
13258 11350 111
1645 13392 67
12399 8723 43
8475 8267 55
5934 134 203
9552 5340 53
13763 13392 67
1882 2401 75
1567 13392 146
12335 7743 78
8422 8886 53
5152 12389 14
13686 4000 17
867 7684 67
10534 13148 14
11569 4673 30
1679 11473 67
9808 4000 17
9248 12389 14
248 4000 17
8280 5531 14
5659 10687 52
11943 11731 55
12282 10215 75
3315 4000 17
8495 10215 75
10757 4000 17
9503 1074 75
4028 4000 17
8361 12389 86
12906 13546 30
11030 8312 48
8156 4000 17
12337 1216 91
3084 13392 146
4461 4000 17
9907 13229 84
5139 134 203
13153 14016 93
3296 9689 164
4382 5585 135
3299 6112 52
3898 12389 14
9937 2911 43
9912 4000 17
8147 12033 17
2474 13392 67
704 3642 14
410 4000 17
4136 7559 30
9010 5340 53
3762 1895 30
4294 8886 53
816 2666 124
6297 12389 14
10582 4000 17
7136 12389 14
4569 11312 30
8418 12389 14
12288 13546 30
12288 4000 17
4437 4000 17
11955 10234 14
13476 5745 115
4174 11144 78
10135 4884 52
8610 1305 78
8803 11473 67
13914 4000 17
3582 5252 84
952 8711 84
14047 10755 75
6275 6018 135
7597 12931 43
6449 10687 52
6622 12389 141
11020 11319 66
12743 4000 17
14130 13392 146
97 6483 52
6996 8886 53
14509 9459 43
1814 4884 52
2898 2597 93
12053 10215 75
6165 10755 75
8151 12389 14
2381 1596 55
7358 134 203
8424 9389 124
1815 12389 14
7805 14104 14
2782 13245 164
2757 4000 17
12114 13565 127
5825 4000 17
925 12389 14
1092 8312 84
2329 11189 84
564 1764 164
4570 13594 14
11663 4000 17
1392 8886 53
3568 12389 14
1598 12389 14
11043 264 66
5885 5489 53
1982 13245 164
13534 11985 164
7436 4301 78
12282 1574 75
312 10111 30
9864 12389 14
3318 12033 17
9400 497 84
13007 8738 66
13592 12033 17
10202 7070 14
10558 12389 14
7344 7171 115
7342 11484 48
8598 4000 17
5379 13392 67
6100 12249 14
5247 12389 14
2082 11350 111
7911 11350 111
12749 2233 43
9788 7685 78
12163 8336 14
39 12033 17
2648 8052 142
9444 12332 78
121 12389 14
11807 12388 135
8804 14104 14
2705 4000 17
9975 12033 17
7423 8886 53
7893 6418 93
5717 12033 17
3607 8270 30
10199 10215 75
1905 3169 52
14221 12389 14
640 12389 14
2016 5616 141
2068 9189 142
2936 8886 53
13678 7655 30
4320 4000 17
7397 4633 14
10560 11473 67
12131 12389 14
6238 12389 14
9784 1216 91
10543 12389 14
7242 13392 67
11519 8565 78
10977 8886 53
9429 5566 154
7145 12389 14
2685 9389 124
10240 4301 78
10537 9991 203
5270 5690 30
14482 269 53
6726 4000 17
19 8024 142
14000 13035 55
9537 13148 14
972 13594 14
5123 12033 17
1125 4884 52
47 13372 48
10980 12033 17
1043 10723 53
12068 2278 184
4219 1895 30
6203 11724 222
14171 7559 78
3172 12372 111
4182 11350 111
3135 1574 75
3861 10215 75
8300 9403 14
12095 9412 199
5692 4000 17
6677 12033 17
2797 3782 218
4611 10755 75
4572 4572 191
3886 12389 14
2348 13675 232
13810 12389 14
6509 4000 17
13497 12033 17
7158 4000 17
5586 3006 48
12834 12993 67
1020 10687 52
10973 12033 17
10524 6112 52
10718 13392 67
5506 4000 17
7205 4000 17
9529 12389 86
13908 10755 75
9568 13392 67
3975 4000 17
1464 8270 30
6455 7999 55
684 9234 84
2483 4000 17
7508 10128 43
11185 6112 52
13370 4064 55
1648 4301 222
13903 134 203
161 4000 17
2158 13392 67
930 12389 14
10327 12389 14
13670 12389 14
9553 14466 30
6792 8672 43
10948 6112 52
1155 4121 30
1253 8903 48
14305 269 53
6511 12389 14
11713 9403 14
8593 9389 124
1087 4301 78
12989 11587 84
4549 7330 43
13384 12389 14
8949 4000 17
5190 4884 52
14224 3106 30
1879 10687 52
9401 8399 52
9408 10687 52
11506 12389 14
13124 12389 14
12127 6834 48
2059 699 48
1551 12389 14
3497 8886 53
255 1895 93
9103 12033 17
12335 12389 14
8007 1216 91
2412 12033 17
5863 10904 30
10988 8924 52
9314 8886 53
12129 13594 14
3216 1895 30
10689 1002 53
13705 12389 14
10714 8312 84
7280 9412 199
4476 5489 53
14206 12389 14
127 4884 52
1208 4301 78
4576 5064 48
12224 10687 52
3386 12389 14
13840 4000 17
7853 6659 191
11932 12389 86
8985 6659 218
3744 8837 75
1925 4000 17
1850 13374 218
14254 5719 184
12784 6418 135
1839 13374 218
12313 4000 17
9076 1375 52
4177 6537 43
8614 12389 141
6309 14183 177
2536 10986 78
6239 4000 17
864 4732 30
12694 5604 30
2242 10350 196
1564 12033 17
8603 4000 17
8362 10687 52
13601 13883 43
1611 10687 52
3494 10820 142
12613 12033 17
9995 6418 93
11361 4503 186
10789 3232 48
11887 12389 14
1350 4000 17
8276 2666 124
7700 1596 55
7238 4000 17
10483 7030 199
8788 4000 17
10678 13594 14
10095 13138 111
4928 12389 14
824 4000 17
2241 12580 142
3180 12389 141
10873 11473 67
9573 13148 14
14067 4884 52
9649 11134 66
3231 8886 53
9679 13634 14
4525 4000 17
10087 10687 52
10726 8886 53
14454 7319 30
8267 8847 14
507 11793 55
3383 12389 14
2805 12033 17
5212 5212 191
7226 4000 17
10836 12033 17
12994 4000 17
6217 13392 146
12253 4000 17
2742 2122 55
12680 12389 14
4333 12389 14
4409 5631 75
4341 4000 17
12234 1810 55
5550 13392 67
1882 2065 75
3005 1086 53
14242 7535 66
13614 8886 53
6894 12389 14
12002 8621 67
9311 12033 17
6372 12389 14
1258 12033 17
9308 6112 52
11995 4685 91
5164 4000 17
13674 13594 14
13059 8886 53
11367 13148 141
7129 11130 67
13960 740 78
2815 4000 17
2095 12389 14
13240 3169 52
13937 12389 14
10697 13148 30
10576 4000 17
1849 12389 14
8047 7946 67
4240 14280 30
8555 12389 14
7725 6966 30
12606 12389 14
3127 4000 17
4283 8270 30
60 4000 17
4982 9403 14
4399 9424 154
9555 8297 48
6051 4000 17
5792 4000 17
3433 7330 43
12305 7130 127
5826 1083 43
11340 8847 14
11265 4000 17
226 10215 75
8685 13392 67
4918 13392 146
12813 13148 14
8456 13342 66
2228 5914 43
2159 12389 14
2638 8336 14
5839 9403 14
609 12033 17
5101 13883 43
4954 7405 43
6353 4000 17
5941 8886 53
3033 14104 14
1868 8924 52
2387 1086 53
9545 9403 14
9545 4000 17
8131 2597 14
6236 6361 53
10514 11350 111
4295 12033 17
4271 12372 111
4194 1950 93
450 5489 53
9627 13280 84
3276 6111 30
9725 5489 53
802 4884 52
1451 12389 14
6344 10687 52
7340 12389 14
10125 8886 53
12478 13610 67
9965 4000 17
3558 11350 111
4821 9569 222
6760 11069 53
3331 4000 17
1215 3515 30
7769 2666 124
11090 10344 55
7858 12389 14
7830 1881 55
8541 12389 14
1515 11350 111
262 12389 141
4969 5135 48
6134 12389 14
9146 3997 115
11991 4000 17
13461 4000 17
3004 10215 75
162 10723 53
14349 12389 141
1106 4000 17
3669 2272 93
1678 14183 177
4198 4000 17
4578 4884 52
13497 12389 14
14334 6302 93
116 12033 17
8470 5820 84
6664 9403 14
12618 9412 199
12146 12389 14
4405 4884 52
11471 12389 14
10124 144 48
8032 8368 78
10925 4000 17
6228 10904 30
8929 12033 17
5121 1216 91
9727 6429 127
14029 1895 78
807 8122 115
9681 13883 43
13249 4101 53
4431 13392 67
7046 12389 14
12456 10215 75
7263 12033 17
9169 12069 48
6684 12033 17
609 2630 67
12030 8886 53
12038 11624 196
9074 4000 17
5313 6154 30
12457 2239 43
11327 13063 14
14031 4833 48
13878 10687 52
8452 9991 203
10439 4000 17
9573 4000 17
8694 13374 191
5041 12389 14
11920 575 30
13228 13392 146
6687 13392 146
13114 13392 67
1553 2547 78
5812 12389 14
2217 11350 111
9714 134 203
9027 13392 67
4737 10423 84
12610 5288 48
7609 9403 14
4961 12033 17
10748 10687 52
6358 6344 30
5265 5039 30
6648 5631 75
13357 9403 14
14426 3735 48
6381 9991 203
32 8903 84
14218 4503 186
14322 14104 14
911 4000 17
6397 4000 17
11227 10755 75
9853 12389 14
11993 13883 43
5238 4000 17
14192 12389 14
3669 13063 14
12958 12389 14
3793 4000 17
10576 4674 78
11725 5831 115
3872 6855 53
9629 6418 222
12749 8634 43
3099 12389 141
3065 13813 43
10628 10687 52
2033 4503 186
9185 2985 30
1273 376 66
4849 7466 222
12665 5616 14
3700 12389 14
8913 9991 203
59 8271 93
10220 13063 141
4127 6465 43
9095 4884 52
13522 8886 53
9718 1895 93
9645 12033 17
254 12033 17
13768 12389 14
6614 12389 14
13276 1596 55
5218 13392 146
1939 7755 48
9711 6765 111
11915 12389 14
14251 10687 52
10848 13392 67
12468 6085 43
5306 7773 30
8131 12033 17
5730 9403 14
5448 13594 14
5239 14104 14
12190 2666 124
12357 4000 17
5651 12389 14
4015 4301 78
3322 4301 93
4916 9403 93
4011 10904 78
9938 13594 14
5492 3278 53
794 4000 17
11360 10112 232
3192 4922 127
13305 632 30
9035 14026 30
6493 12033 17
9486 13358 55
4570 9403 14
9833 1216 91
304 12332 78
301 4000 17
4139 12389 14
9324 4000 17
11079 12372 111
1622 4000 17
10338 4000 17
10051 4000 17
13534 3587 43
13475 11883 43
9840 8595 48
7442 4000 17
9191 7743 78
6693 4000 17
9676 14301 115
775 12389 14
13126 9412 199
10409 12389 14
8734 2666 124
3306 269 53
2114 13560 115
13407 4434 225
14481 10687 52
1118 4000 17
4649 12389 14
9967 12389 14
418 1596 55
9373 10215 75
12028 4503 186
13792 11473 67
7015 9577 84
12146 7684 67
8442 8886 53
5792 5665 30
6990 8375 67
7753 1574 75
9111 10406 53
10758 12322 53
4544 12389 14
10171 8399 52
5182 5820 84
8693 4000 17
5860 13594 116
3168 11358 66
10274 4503 186
5715 11350 111
3960 4000 17
5777 9459 43
11369 5724 43
13772 1966 55
8819 8819 191
7498 12389 14
14222 4000 17
2009 12389 86
7338 4486 55
976 4434 225
5314 10687 52
14509 9389 124
8667 12389 14
5400 10687 52
8388 12389 14
2129 4000 17
12942 8924 52
2418 1895 30
11594 6112 52
1060 4000 17
14290 1895 78
12722 10687 52
1916 3563 115
8670 13148 14
3563 10350 196
9799 4000 17
7586 11731 55
14043 1347 115
6597 4000 17
7104 12033 17
13728 11354 30
11775 14161 164
2687 13594 141
5736 12389 14
3959 4394 48
5229 4055 133
8721 12389 14
4427 8336 14
7283 13160 66
11893 1216 91
13784 8270 30
4134 7559 30
10825 12389 30
10655 12207 78
5225 2233 43
4018 4884 52
2420 13392 67
4783 6016 91
6175 12782 177
2734 4993 225
2906 575 93
625 12033 17
1776 13392 67
12034 12968 30
12353 10755 75
4352 12763 30
6763 3815 55
6661 3293 66
8753 8024 142
1052 144 48
99 4702 196
3518 13148 14
11565 12033 17
83 7405 43
10998 12389 14
11178 4000 17
3095 1086 53
13958 4000 17
9033 9403 14
12567 12389 14
13285 4702 196
11593 10290 43
4990 13392 67
11197 12389 14
1897 11114 52
13649 12389 14
13057 4884 52
9987 2666 124
228 5621 78
2421 4000 17
400 4399 14
4836 4000 17
9419 4000 17
12598 1895 30
12342 7559 30
8577 13392 146
2359 12389 14
2159 12620 67
3174 14301 115
2216 12389 14
463 4122 93
13129 8886 53
8788 10234 14
12628 12528 30
3472 3583 55
9321 8270 30
1786 12258 30
11665 4000 17
3557 8634 43
11047 134 203
6662 5651 55
6496 8924 52
3344 8723 43
14000 2666 124
7894 1045 78
13213 12033 17
13801 9483 55
13166 7330 43
9605 12069 84
6899 12389 14
868 6966 78
1696 11906 115
1865 4000 17
3410 12389 14
2226 8924 52
2721 1086 53
7154 4000 17
4427 8943 67
6020 3356 14
3125 4738 30
5185 3169 52
1404 6187 111
7387 6251 218
12908 11949 55
7599 13594 14
14285 5651 55
5403 26 55
159 12389 14
12214 6722 48
8138 4000 17
12611 355 78
10828 5554 75
11136 10755 75
9309 4000 17
9675 13392 67
1036 10414 30
4129 12389 14
8961 12389 14
10799 4243 48
5023 134 203
4903 13813 43
12710 4456 84
1252 13280 84
7056 12389 141
6385 4301 93
1411 4000 17
9307 4001 135
7484 9200 30
2599 11173 55
10489 2630 67
2596 8903 84
9414 9389 124
13811 5939 84
1744 11189 48
10633 10687 52
7960 11222 75
5527 13594 14
10645 8886 53
13825 4000 17
8386 12418 30
5898 6891 53
10393 7515 53
1004 1216 91
11763 4000 17
6168 2666 124
2710 12389 14
6463 6112 52
11912 4884 52
4030 13392 67
5544 2145 30
9981 12389 14
9427 10504 30
6742 10687 52
12144 13627 48
11599 12332 78
5679 12389 14
12659 12033 17
1478 12389 14
5493 1233 43
3767 6029 127
11483 13392 146
7340 11069 53
12464 11350 111
11179 4970 48
5456 7684 67
9305 13561 55
3220 8903 84
1495 346 127
1930 4000 17
7281 12033 17
10809 12389 14
13669 11350 111
248 12389 14
9600 9403 14
5993 8924 52
13396 12389 14
6478 13392 67
6770 8847 14
14422 5433 55
3456 12389 86
1376 12389 14
7719 138 184
10409 4000 17
11017 10687 52
6117 1045 30
11311 4181 30
8327 10755 75
8470 13813 43
3204 6659 191
9444 12389 14
2753 5489 53
8370 1507 14
4505 4503 186
13231 13392 67
3141 12389 14
2261 12389 14
12677 2476 124
9724 12389 14
4559 3758 55
13821 10687 52
7478 4000 17
7975 12389 14
13490 13392 67
619 10755 75
5441 4000 17
3051 12033 17
10025 11893 14
10069 632 30
2510 4000 17
12389 6112 52
9 12067 55
11210 8270 30
6941 14104 14
1350 4101 53
11813 14050 84
3582 10319 84
1743 12389 14
9695 14122 115
5313 4186 78
4363 12389 14
7328 269 53
13725 4000 17
12097 12033 17
11713 4000 17
6236 12389 14
5052 1086 53
5048 7001 43
4549 1105 84
8290 4000 17
9427 12033 17
4561 497 84
1134 12389 14
12240 4000 17
10982 12697 53
2210 1103 232
5696 4000 17
705 12389 14
5572 9468 30
13252 12389 14
12458 12389 14
10586 4315 48
1249 271 93
14300 12389 14
7458 11473 67
10301 12389 14
10164 8886 53
9237 13665 84
3760 10687 52
13432 4000 17
8972 4000 17
7933 4000 17
9193 4000 17
10149 14044 115
7011 4000 17
6397 12389 14
5948 2666 124
4697 12033 17
4758 11935 93
7379 4301 78
2602 13594 14
8782 10755 75
5626 7664 30
14418 12389 86
2913 6765 111
4442 12389 14
1975 11130 67
12187 12389 14
12952 4000 17
2124 4000 17
4694 5489 53
3978 6620 48
6262 7832 133
6242 5953 78
11431 1895 222
13713 6908 55
1427 6483 52
4399 9897 154
1628 10215 75
10157 681 127
2571 4000 17
11719 8158 48
2918 13063 14
2987 11350 111
12048 11350 111
12549 4000 17
8612 12389 14
12913 1895 30
1398 7070 86
3394 11731 55
6252 4920 84
5028 6110 142
4920 4000 17
12395 10215 75
2680 1574 75
3056 12389 14
2574 4000 17
12296 7663 14
876 4000 17
8588 3513 66
12382 4000 17
3353 11222 75
6223 12389 14
4895 4000 17
7178 4000 17
5983 4000 17
14464 8621 67
3610 497 48
10333 12389 14
11743 10888 30
3658 9403 14
13567 271 93
5664 10028 30
5544 8886 53
283 4000 17
8766 10102 55
10569 14429 30
12251 6483 52
7044 2630 154
7358 9991 203
10194 4000 17
11070 7664 30
14290 4000 17
1818 10687 52
4133 1689 115
13360 4000 17
9492 12389 14
390 8886 53
10673 10215 75
2713 7405 43
8606 12033 17
8896 8896 116
1175 9403 14
10963 12921 43
6654 14104 14
5284 6483 52
8811 8375 67
12506 4000 17
9063 14104 141
5742 5953 78
6470 1216 91
12386 12033 17
1270 12538 43
1314 7877 93
7575 12033 17
3270 5651 55
5346 4000 17
8578 269 53
6509 12545 30
14080 497 48
7634 6112 52
6596 13392 154
464 12389 14
9329 9424 67
12023 7147 127
8651 6353 184
3012 12389 14
180 12389 14
2893 12052 43
13031 13594 14
5951 4475 14
947 4000 17
13714 12389 14
616 12389 14
10421 13546 30
3053 12389 14
7888 4000 17
3871 1216 91
12054 4000 17
13691 13620 154
11593 13280 84
8948 10350 196
9368 547 55
7449 2239 43
9645 12389 14
7941 10687 52
5074 13392 67
13296 376 66
12025 4000 17
5964 13063 14
4688 12389 14
12559 5554 75
10410 4503 186
1233 9220 222
8076 13392 67
2221 12389 14
9098 10201 164
6809 2683 48
11626 4000 17
12121 8924 52
9135 5953 30
5068 3428 48
8331 5616 14
3463 13248 14
2241 9238 55
8390 6230 78
165 4000 17
12495 10687 52
4376 12389 14
14140 9403 14
8143 13374 191
12731 6765 111
3985 4000 17
6642 12389 14
5523 4000 17
14482 9403 14
6202 10215 75
6927 12389 14
5450 12389 14
14337 4000 17
11427 6112 52
4722 8270 30
2073 555 55
11212 12033 17
4970 13392 67
10455 12389 14
12234 4476 184
2969 10687 52
3930 4000 17
10470 8924 52
4214 13392 146
5498 12389 14
11695 11350 111
5823 11350 111
4486 12389 14
6363 4000 17
10195 10215 75
4939 5346 177
4377 6765 111
9840 8212 43
1549 11805 14
3315 4301 78
6909 12052 43
939 12389 14
13365 4000 17
773 6818 222
1627 9991 203
3614 7117 78
7600 14146 30
3498 1216 91
7404 12389 14
5213 12033 17
872 12389 14
1030 4000 17
12169 5592 48
8211 9403 14
10192 9403 14
9967 3734 53
12747 1610 14
10371 1895 30
5217 2426 55
6504 12495 30
4399 11209 154
12196 13594 14
3824 4503 186
1796 4301 78
1926 12389 14
3025 8270 30
12549 7552 30
2664 12389 14
14471 10723 53
7449 10967 55
13522 2597 14
5593 7486 43
14153 4000 17
8807 4101 53
3569 10687 52
5895 12389 14
14135 6954 115
1057 5274 30
3155 4301 30
5082 12389 14
4279 14151 225
4872 12033 17
3236 11951 164
7299 13392 67
11247 508 115
9483 7246 78
8187 12486 93
13286 4000 17
4185 10687 52
5452 2597 14
11379 12033 17
6168 1408 43
1217 12033 17
8107 4000 17
7603 12389 14
10507 4394 48
9704 12389 14
13759 4319 78
7923 9644 66
7230 4000 17
4616 4000 17
10611 7684 67
14065 12389 14
5537 5300 30
13706 11350 111
12082 11202 84
691 13608 84
1067 4000 17
2178 4000 17
7630 4000 17
5152 4000 17
8745 4884 52
9495 8270 30
5281 4000 17
4700 1574 75
11909 4000 17
2232 10967 55
12145 11069 53
12795 8249 177
9602 12389 14
8292 13392 67
10195 1574 75
11831 11069 53
3509 12389 14
448 10833 84
11970 1895 30
1039 12505 30
8559 12033 17
7531 4000 17
417 13392 67
6874 4000 17
14365 1895 30
14126 4000 17
7755 12389 14
4595 6251 218
744 14026 30
1445 8282 30
2070 7147 127
4811 10755 75
10229 12389 14
99 8270 30
2788 5724 43
3389 8924 52
8398 12389 14
6139 9403 14
13490 4000 17
1198 7755 48
13158 13138 111
9316 5489 53
11958 11222 75
3124 11556 55
6829 182 78
3000 575 93
11979 134 203
5598 12389 14
11911 12389 141
6625 11202 84
14037 4000 17
7097 1596 55
8585 9403 14
8329 4000 17
5983 12389 14
1705 4000 17
3043 12033 17
12591 12389 14
1433 8886 53
9735 13148 86
13134 8270 30
2155 4000 17
14023 13392 154
5294 12065 55
6423 4000 17
2900 12389 14
12278 9403 14
12810 12033 17
4141 4000 17
3618 11222 75
3388 12332 78
10017 1624 55
14363 13392 67
14224 12389 14
12213 4000 17
3147 12033 17
10929 12389 14
4911 12389 141
4038 7486 43
6348 12389 14
13593 6344 30
3331 2630 67
14106 7030 199
6005 9030 53
12393 9403 14
8563 6659 191
4784 4000 17
1162 6621 55
7657 5489 53
4401 10681 78
7783 7663 14
10845 4000 17
13630 12740 14
2496 4064 55
1507 1216 91
1032 12236 84
3387 14104 14
3475 4000 17
961 6966 93
8416 13392 67
575 3169 52
8578 9403 14
7784 13392 146
6253 4000 17
3347 926 43
12214 6722 84
3822 4315 48
13617 9403 14
14480 13594 14
858 7755 48
5114 12389 14
11694 9030 53
2052 11584 30
13754 8336 14
3110 376 66
6607 5631 75
9976 6908 55
2261 5341 30
1251 4503 186
4738 4001 135
261 9424 67
8281 12697 53
10523 4000 17
9147 2630 154
13992 12389 14
1009 4301 78
4656 4000 17
9731 4000 17
11821 9403 14
1979 12033 17
7902 10748 93
10318 6112 52
8481 4000 17
13797 12389 14
10327 4000 17
5732 2103 66
5559 4000 17
722 4000 17
695 3816 55
3271 12389 14
2046 11222 75
13134 8886 53
12140 7768 43
1111 11319 115
984 4673 14
9007 14299 55
7948 4000 17
9962 13790 48
11241 5489 53
6278 4289 30
12278 575 93
3850 12647 14
11519 4000 17
6274 12389 14
12881 8903 84
3460 4000 17
8569 13063 14
912 10102 55
8838 10215 75
496 12389 14
555 4000 17
6773 12389 14
353 4000 17
10963 8598 55
1551 7070 14
8906 12389 14
5276 4101 53
12831 11199 30
11527 6521 30
12535 12033 17
11171 12389 14
171 4000 17
1389 12389 14
3153 13594 141
8163 9824 55
7020 11300 93
10674 10890 191
2517 4301 78
4392 8886 53
6988 4000 17
3573 7669 30
13960 4000 17
196 11350 111
273 10687 52
13021 6891 53
8650 13392 67
2423 4503 186
10568 13229 84
2652 4000 17
5985 4000 17
3427 4000 17
8861 4301 30
9345 4000 17
5563 1596 55
6071 12694 84
13607 10410 86
1310 3782 218
8042 6659 191
2896 12389 141
13352 3621 14
13792 10723 53
964 7481 225
710 7515 53
3157 14425 78
7888 12389 14
1577 4503 186
12925 4000 17
7862 4000 17
14153 12389 14
12385 968 55
1788 5316 127
6789 2326 84
3494 8117 66
8798 7710 222
12568 919 48
217 13392 146
2016 12389 141
7930 8886 53
13068 8903 84
3341 4000 17
6801 4000 17
3222 4000 17
3392 12847 43
10386 2214 91
13773 1611 30
5720 10687 52
13173 4000 17
3548 4000 17
342 3356 14
4364 2239 43
1822 9637 30
10638 9403 14
1960 12389 14
6 12069 48
14063 8886 53
6642 4301 78
5971 13280 84
624 10723 53
9224 4000 17
8684 6230 78
13780 12389 14
1021 10888 30
1543 13148 14
12478 7515 53
11981 11387 225
3121 4833 84
6230 6112 52
7596 12389 141
12349 12389 141
9152 13594 116
6581 4000 17
9707 4503 186
7085 8886 53
10521 6765 111
8391 6569 93
4646 4000 17
3752 12052 43
12008 12389 14
1540 13063 14
8602 11222 75
3098 797 14
3976 13374 218
153 10687 52
7828 13148 14
6768 10084 133
9857 4503 186
8262 7481 225
14281 10755 75
8611 5489 53
10786 12389 14
3080 6427 164
12688 9403 14
11541 4919 55
14225 6050 177
456 12389 14
5586 13229 48
13405 8282 30
5329 12389 14
6950 4884 52
4723 12033 17
10967 4000 17
13538 12389 14
2458 4789 232
10709 8886 53
9333 13392 146
11886 10687 52
6228 4000 17
8622 4000 17
8562 12052 43
6898 12389 14
9666 12033 17
13192 10406 53
1049 9403 14
2513 9389 124
4686 12389 14
6845 5480 78
9338 5631 75
673 14382 84
9043 4000 17
14241 6891 53
8892 9577 84
12417 6483 52
9243 12389 141
549 4000 17
7869 12389 14
5801 14026 93
4933 4000 17
8347 5651 55
13134 12389 14
488 7684 67
5973 10687 52
11121 5799 30
653 4833 48
2315 4000 17
6151 1105 84
7949 12873 43
7949 968 55
4532 10334 30
8508 6659 191
13767 12389 14
7458 10723 53
1661 10406 53
4081 10215 75
7176 1085 52
7565 12033 17
5880 12389 14
3991 4000 17
7390 4000 17
5550 11486 30
467 4000 17
13510 13392 67
9063 12389 141
10711 575 93
12650 2597 86
10555 4884 52
7735 12389 14
12965 4000 17
874 14040 55
12702 3278 53
12095 4000 17
4819 12061 142
1971 8605 30
9813 7486 43
11308 6138 184
6225 12033 17
1167 14026 222
6356 1216 91
995 13620 67
3673 7070 14
9984 1086 53
8826 1810 55
3634 4000 17
1759 13229 84
9228 12389 14
4064 4301 30
13915 7981 75
7921 2326 48
9582 6918 14
4086 8847 14
12371 9459 43
7665 13813 43
8677 3169 52
10379 10687 52
5729 4000 17
10718 12389 14
10371 12389 14
9295 14474 48
4723 14104 14
8454 12389 14
5299 11121 177
3711 4315 48
13718 12389 14
513 4000 17
2876 1245 225
261 6891 53
12948 9378 48
7852 12033 17
14430 12389 14
895 5554 75
14403 6112 52
1336 10687 52
10331 4000 17
13476 6643 66
457 12389 141
1132 12389 14
706 12389 14
7178 7684 67
12621 8886 53
9661 13594 14
10001 3216 55
7973 12033 17
3874 1294 43
13641 4000 17
3360 5631 75
14479 11805 14
3833 12993 146
2012 10773 84
11841 4442 115
2144 1435 55
12472 12033 17
10343 8720 30
8567 6085 43
12396 12389 14
813 9459 43
1685 4643 93
3873 13546 222
6210 12389 14
9337 4000 17
381 13392 146
353 14218 14
1978 12389 14
91 7295 127
5424 5189 111
7394 13594 14
1548 13148 14
6797 11893 14
1722 537 177
898 4000 17
10570 10687 52
6550 14065 48
908 2556 115
11202 5489 53
7871 10687 52
5238 12389 14
3094 12389 14
9591 6891 53
861 13392 67
775 1895 78
13987 4000 17
6343 10904 30
9870 13392 67
8047 11473 67
6077 4000 17
10023 8052 142
8733 4000 17
486 8847 14
852 7030 199
12447 5631 75
10893 9389 124
10650 4000 17
6219 2666 124
10222 1881 55
3418 11350 111
8056 8634 43
9048 3356 14
1284 12389 141
14409 12389 86
10036 9403 14
2430 2015 30
591 7466 78
14189 12389 14
14392 4000 17
13742 10371 48
5747 12389 14
1565 6356 14
6577 10755 75
4174 1895 30
10077 12099 78
2039 12033 17
13068 1862 48
423 5624 115
6700 1410 93
5929 12389 14
13773 10318 78
3645 6483 52
175 10622 229
5306 8886 53
11258 13392 67
10873 13148 14
2262 12389 14
1750 8202 84
9825 5189 111
426 12033 17
11121 4000 17
1601 13083 225
4790 1895 222
425 1503 30
13598 4000 17
10272 12389 14
11841 1810 55
7573 13148 14
6513 4000 17
3182 10215 75
6428 12389 14
5986 10687 52
11976 2722 55
1551 9543 93
2316 12389 14
2736 4000 17
84 11473 67
11811 13392 146
760 12033 17
12092 12389 14
12975 5804 30
5541 12389 14
3912 13958 84
2721 12389 14
14122 4301 78
13265 11113 184
9294 6924 78
6128 8410 75
10762 4000 17
7535 12389 14
11486 13148 86
6478 13594 14
5487 1216 91
3669 2272 30
5513 4456 84
4597 12033 17
12759 8621 154
4846 4301 78
6253 12389 14
6117 14104 14
7601 797 14
6242 14503 30
2700 12389 14
11195 14218 14
1457 5616 14
7411 8886 53
370 8903 84
7015 13813 43
6370 1648 43
6888 10890 191
10388 7684 154
3488 9030 53
10966 12389 14
9102 10215 75
14536 4000 17
4676 11350 111
1230 4434 225
2680 5631 75
5810 3562 30
2350 3409 124
10140 11114 52
12272 12389 14
13826 12389 14
2974 13594 14
13098 4000 17
11190 6483 52
6937 6937 133
3639 12389 14
7257 12033 17
4744 13138 111
2984 12389 14
10266 4000 17
98 13594 141
10437 11350 111
468 12033 17
6662 10622 229
14290 12389 14
5537 4000 17
1296 8886 53
352 12033 17
5456 2630 67
5816 4000 17
915 11350 111
7164 12389 14
473 6659 191
3997 4000 17
519 9617 115
9072 4301 30
5104 9337 127
11424 11202 84
3272 13392 67
2829 797 14
1592 12389 14
7901 4789 232
2737 4000 17
675 11361 14
6313 4301 30
9781 4301 78
14301 9403 14
12622 3997 115
9109 5854 53
3158 6085 43
4796 12389 14
186 6497 30
7615 4000 17
7599 9403 14
7130 8847 14
734 11350 111
12548 12033 17
8047 13148 14
7755 4000 17
878 4301 30
10002 12389 14
6360 13594 14
14487 2666 124
1563 4064 55
3173 4000 17
1862 4000 17
10371 4000 17
1347 4000 17
11007 11350 111
3301 11893 14
5187 12389 14
864 6891 53
11627 4000 17
4258 12389 14
14500 13374 191
2769 10890 191
13505 13594 14
3307 12389 14
2075 7666 133
13742 9459 43
5122 12389 14
13569 4000 17
12691 4456 84
406 9403 14
3236 2909 184
11153 12061 142
7186 12389 14
7878 14104 14
13704 13148 14
4912 9424 67
6238 5489 53
788 11350 111
1367 3587 43
2900 8270 30
4827 12389 14
1373 4000 17
495 13392 146
10997 4000 17
3489 12580 142
5418 13392 146
8479 12389 141
1285 8159 222
2343 5489 53
912 13229 48
2181 2181 191
13793 7860 30
797 6483 52
8542 10215 75
11811 12389 141
6241 4000 17
12643 13374 218
519 8117 66
11014 5685 55
2020 6112 52
13198 4000 17
13523 8711 48
9346 4000 17
10762 13392 67
12239 10273 43
11422 13374 191
11601 4000 17
9739 2666 124
7531 13594 14
8770 13813 43
10821 12495 30
1965 4000 17
3387 12033 17
6019 6891 53
238 10019 30
12777 10026 55
6284 4000 17
5025 5820 84
13094 2666 124
239 4000 17
13626 13901 142
11031 926 43
744 12389 14
13652 5724 43
3974 12033 17
13547 5340 53
7212 5631 75
2470 10215 75
370 9389 124
8947 9389 124
7712 9403 14
1252 11416 115
11397 8903 84
5552 13392 67
8807 12033 17
4085 7022 78
14104 1216 91
1854 8886 53
12864 4000 17
3607 5489 53
4949 13138 111
7620 7559 78
6884 6891 53
4329 13620 67
6549 12389 14
12683 12033 17
14125 4000 17
9 8207 66
13785 4000 17
4566 12389 14
