5045
9403 546 13
9403 8043 13
2213 12872 8
5790 6036 79
14132 9947 100
14132 9147 100
4363 13108 41
4493 9148 4
2293 7584 4
7935 1451 36
2463 7466 57
1362 2058 13
3100 9148 4
10389 9424 29
14136 12627 4
6945 1594 81
3271 13083 4
488 1863 4
3969 4704 10
11368 7795 41
5202 13392 29
5052 9617 41
13818 12290 188
11518 11967 40
14402 11873 10
14402 7365 10
7321 8854 4
11595 8660 4
14101 278 166
4827 11671 4
7242 1387 4
4301 12332 13
10039 11671 4
1153 9782 8
10756 12993 29
6961 9985 131
10644 5655 36
11446 2630 29
12215 13546 57
5075 7650 61
2078 11671 4
8690 11981 4
4737 10502 57
13080 6385 40
12231 13662 90
12617 8051 29
5450 11671 4
9882 12329 40
6379 10870 201
10639 12139 4
3030 10033 8
5509 1863 4
5601 8943 29
9836 7370 79
2742 9782 8
2600 6253 40
555 9688 4
3863 9415 36
14498 9148 4
21 8609 10
8127 12303 36
10803 2689 8
8941 3087 8
12359 616 10
12359 9449 10
12359 8844 10
4821 10131 131
4155 5035 29
623 11671 4
2153 12812 188
14242 4301 57
9755 8847 57
3551 11945 8
1184 6354 36
8541 9554 41
14347 13392 29
922 13650 40
922 9638 40
13890 5482 136
13837 6711 8
11439 6479 10
11439 8877 10
13534 12389 31
5995 4543 13
13566 12303 10
11449 2245 83
12008 5151 4
6272 12445 8
1123 9130 81
1123 5448 10
1123 8444 10
10944 14034 4
12767 7663 13
5164 13083 4
11164 7370 61
7322 13594 31
13592 5151 4
12384 12993 29
13514 13347 8
10299 14538 188
3693 7020 10
9257 8513 162
4645 5151 4
3838 10483 10
4209 2785 13
8662 2079 8
5059 801 10
2887 2548 8
11442 9985 131
8851 13392 29
7850 12139 4
13118 13594 31
7785 11228 8
8057 1895 57
4112 10033 56
7095 4301 120
10189 4279 4
6744 8847 31
129 5151 4
3427 11671 4
4001 12821 13
6308 1601 4
39 11387 4
12294 11288 10
7987 10596 10
14298 13392 29
13157 3808 136
6564 13671 79
7270 7506 13
8150 3625 8
9350 7584 4
12027 3600 25
3256 8618 13
2458 1259 40
13171 3141 10
805 3610 25
10834 13392 29
13321 12389 31
6990 1387 4
13741 6956 162
11302 13594 31
5081 12936 41
3137 9782 8
13296 12445 8
14104 8681 13
3681 8713 10
9727 7655 57
12389 6806 13
12389 12125 13
508 13987 41
6149 3816 40
6149 10397 40
8013 9148 4
2473 12139 4
9995 1733 4
10706 11160 10
11954 2630 29
5096 26 10
12296 11387 4
511 9212 4
13312 11387 4
5138 6552 4
13169 9212 4
2191 12336 136
9403 575 13
13678 11671 4
5514 13180 10
3014 6782 10
767 11387 4
5219 10689 41
13449 6001 36
7668 10033 56
10961 334 4
5214 6526 13
12112 8943 166
4192 13392 29
3969 3662 10
3969 1049 10
3969 511 10
6619 11671 4
11920 4279 4
6452 685 8
979 8503 41
3609 75 8
7766 13830 36
5585 4382 13
4261 2481 79
14186 9148 4
8293 11671 4
8836 5295 4
6598 7584 4
4547 12220 61
10070 12155 56
11833 9730 8
1402 8151 10
11644 7279 31
3694 12445 8
3850 9148 4
8748 7736 8
4679 4944 25
4679 146 25
1960 5151 4
13368 5295 4
2418 11671 4
2194 11671 4
507 13392 29
10092 4257 79
13909 4827 36
13568 7478 10
3091 1748 4
1165 4274 41
12904 2734 4
10011 615 4
12126 6711 8
7125 2734 4
7680 12872 8
10531 11699 10
4496 9148 4
909 14034 4
1415 8987 10
12653 1895 57
3863 4827 36
3863 7378 36
1612 12688 36
3035 1780 13
9664 13620 29
1275 2024 29
13988 593 100
8122 11671 4
12359 7827 10
5440 8364 29
4515 1733 4
4065 3625 8
3550 11933 230
14407 10904 57
13379 12767 120
3511 2597 31
9755 9833 57
5498 5052 41
10830 11671 4
1184 7795 36
1184 8082 36
922 4604 40
8344 12389 31
8344 75 8
7371 11387 4
13784 5295 4
8303 11799 10
5948 10033 8
11184 11671 4
4416 8954 29
9146 575 57
8998 11671 4
9994 10033 8
1152 10033 8
6478 12139 4
6272 2800 8
2966 10421 10
12622 13392 29
4965 5029 10
13361 9331 10
8703 12233 41
13063 3808 136
9378 7584 4
3369 5482 136
11416 9688 4
9593 13121 10
12191 2492 4
11764 9831 10
11246 5884 36
11246 1473 36
11792 6276 25
14365 11671 4
7013 1387 4
3541 805 56
8971 11387 4
7666 2075 13
5578 12336 136
8997 5137 8
13381 10250 181
5564 5151 4
552 10558 10
7785 12445 8
11316 1387 4
4861 13392 29
275 14394 13
7029 1884 36
9222 4151 40
7018 11671 4
14417 13392 29
12990 8364 29
4117 12445 8
5175 14089 81
8677 635 136
858 14118 29
4982 1733 4
2207 9245 36
7987 2336 10
7987 1718 10
7987 4602 10
12700 2811 36
1177 11814 36
9650 13260 8
11528 13919 56
11779 718 40
8206 4173 36
6073 6552 4
11903 685 8
12391 10672 8
8097 13338 10
10660 10033 8
4258 4279 4
8134 13039 10
2287 9782 8
4894 6306 13
4768 11671 4
11471 4279 4
11721 4264 4
8540 6477 131
2802 3252 8
7423 13059 41
14392 2343 41
1806 1140 10
3648 13392 29
13742 75 8
2771 2571 36
14089 2263 10
12389 2470 13
6149 11735 40
6149 3846 40
13044 11671 4
936 4604 10
6625 2548 8
3056 9148 4
11297 7004 100
2830 3625 8
11954 4343 8
4439 2689 8
13312 12627 4
2238 7584 4
8346 10397 40
7299 11387 4
6336 11387 4
7238 11387 4
2507 75 8
9581 8432 29
2922 4301 57
259 7872 8
4059 9782 8
3484 8126 4
4310 7778 10
4080 12627 4
9091 11671 4
12307 13392 29
2858 12303 36
3610 8847 31
7116 11488 10
7589 3469 10
9763 13392 29
545 8261 41
3919 9994 79
3969 3606 10
3969 4129 10
12309 3388 36
225 5295 4
10652 4036 4
14532 12445 8
8064 3470 36
7606 10611 10
4024 13392 29
10773 11671 4
2623 4776 8
5285 2898 10
10717 13392 29
14402 13139 10
7 10033 8
3499 3652 10
4561 13392 29
11223 11671 4
9677 8516 8
7153 8679 41
5625 1387 4
7016 9782 8
12493 8847 31
8656 2745 10
11519 11387 4
10586 13392 29
2418 5151 4
6281 7684 29
12215 7872 8
9301 7370 79
1478 10689 41
10238 9212 4
4246 10583 230
2954 8693 10
6224 3339 4
9250 10033 8
9293 3087 8
4833 11387 4
3873 13536 36
13305 10657 41
14421 5482 136
8692 6552 4
10822 614 10
221 5411 8
13801 13392 29
13763 801 41
9236 4279 4
10963 7872 8
13409 9424 29
11376 12141 81
9266 9212 4
9478 10505 8
8026 14104 208
13357 4279 4
11652 1322 4
8085 2548 8
3891 4776 56
12242 5209 131
8721 9688 4
13757 6711 8
4582 2154 25
6025 11594 13
3740 10033 8
8149 7684 29
12502 8398 41
12880 5957 81
9925 9396 56
12087 13392 29
11209 2136 128
9306 3223 41
13790 6552 4
3741 1496 4
2496 9424 29
13024 5151 4
843 14181 56
9593 7502 10
11764 7090 10
13377 12333 41
13610 13148 128
11419 9148 4
12103 3252 56
1140 11671 4
9322 13870 10
12132 2814 13
5725 6552 4
5059 12673 10
12006 13594 100
11733 13063 31
7967 7584 4
13594 10123 13
13594 6295 13
11412 2597 31
552 3939 10
6178 3583 36
13206 3842 25
4240 3509 41
12688 9212 4
8651 8621 29
9682 9688 4
8506 7741 36
9540 5151 4
456 9148 4
5648 12872 8
4383 13784 41
12249 7074 13
2128 9148 4
858 10033 8
2207 11735 36
1142 11209 29
12700 1510 36
13457 1733 4
12894 8872 10
13070 6786 188
5662 5029 10
7610 7424 13
11903 75 8
410 5151 4
6219 5856 8
10222 1895 57
90 4042 13
2282 5300 57
7109 14352 40
11035 5481 56
8449 7584 4
9112 7584 4
3984 4275 10
6012 7279 208
2586 13392 29
3095 11671 4
358 11548 57
2458 13759 40
9843 6711 8
13171 10181 10
13171 10308 10
12170 9782 8
9130 5194 10
2989 2115 41
14444 10033 8
7674 7352 4
13162 12600 41
8255 9175 8
11299 9185 41
5561 4820 57
1806 6101 10
27 4707 230
14172 12057 36
10801 2551 162
12389 8361 13
12389 12260 13
6149 5320 40
936 10409 10
3354 9688 4
3249 10657 41
10104 11671 4
2385 4257 61
6150 1723 56
12388 13130 13
1765 66 4
14432 11387 4
5463 6036 79
5627 3861 13
8351 4279 4
7324 3379 139
12744 12389 31
9403 13731 13
9403 6295 13
8329 207 4
5117 11663 41
3687 12621 41
206 9906 81
5077 6552 4
10940 13392 29
6869 6490 81
752 5051 139
12307 583 57
2858 7408 36
2463 12389 31
5219 14096 230
8223 12389 31
2294 12389 31
3317 7370 61
13033 2548 8
13016 11317 4
12309 9628 36
1111 8513 8
4302 3087 8
4549 2630 29
4049 6193 8
13290 4656 10
11518 12329 40
11518 11987 40
14186 11671 4
14402 11368 10
6490 21 81
13463 11387 4
13759 2492 4
11761 12725 25
7451 13594 31
8766 7872 8
139 6075 10
13168 3447 4
11239 5151 4
8356 13392 29
8175 11474 10
11008 4279 4
8417 9903 10
10472 2547 120
6456 3339 4
13360 11671 4
3192 13392 29
13600 4806 13
2954 6024 10
6866 10583 230
10513 6890 8
1429 11671 4
7188 7684 29
6939 4679 8
13305 12855 41
74 75 8
8165 14124 41
10148 1863 4
10033 6914 25
6215 11671 4
7581 13098 36
5262 11755 36
8127 1535 36
8014 9148 4
3335 12139 4
12597 11387 4
12581 12389 31
9478 7872 8
5495 1733 4
13045 11671 4
3831 11228 8
1650 3339 4
2087 6036 61
5149 1624 40
8053 7641 8
3101 3625 56
4842 6919 8
11090 10033 8
4755 11671 4
3952 7370 61
6520 5293 208
8827 1132 10
13291 8449 10
4026 9782 8
12896 13034 10
13002 3339 4
9808 12139 4
922 6380 40
4582 12103 25
11893 2132 201
8149 10381 8
11439 170 10
8391 11671 4
11846 1245 4
12149 2876 4
5204 6711 8
12880 2429 81
689 9424 29
6272 13392 29
10467 11592 8
356 6813 40
981 4751 81
5864 9994 61
4091 6711 8
830 12445 8
11030 9782 8
11522 9547 41
3368 7872 8
997 11671 4
1032 7872 8
3197 11220 10
11764 8351 10
11764 11368 10
11764 596 10
1376 11671 4
2667 13870 36
9257 6956 162
7013 11671 4
9897 797 128
12759 3294 13
12077 13620 29
887 5482 136
8161 9148 4
8161 11387 4
12674 12389 31
11412 2079 8
552 5801 10
552 10576 10
6752 7430 81
5947 3929 36
2203 9424 29
9405 693 41
7450 13644 56
9222 5194 40
12834 11082 4
1920 1748 4
6471 685 8
4001 1784 13
13120 7250 36
9617 1173 41
9617 3009 4
2207 1884 36
14055 12216 10
7987 14390 10
13457 11981 4
4399 3707 13
7610 6535 13
12815 11671 4
13433 2390 8
7833 1733 4
7070 4178 13
13266 8432 166
12830 5151 4
11337 1387 4
1757 8222 8
12206 10250 181
9048 1387 4
13545 7684 29
1918 13392 29
11683 10682 4
13917 7370 79
6214 13392 29
3256 12377 13
1390 6956 162
4751 11143 10
13729 11082 4
13729 3339 4
14272 9148 4
1368 10008 41
1872 11357 90
7062 13392 29
5984 1748 4
10802 1840 13
2011 10033 8
1806 4843 10
2621 7370 79
11941 2153 188
10402 8126 4
8847 470 13
2963 14410 40
2160 10033 8
9422 12000 8
2762 11971 25
12389 8542 13
9995 12654 4
2441 9424 29
5388 13946 13
5939 6552 4
7169 10033 8
11297 14218 100
5371 2597 31
2429 11677 10
1414 11671 4
6941 11671 4
4706 2223 10
12388 7315 13
6122 3339 4
6395 8126 4
764 75 8
1690 6036 79
6733 5295 4
13128 6552 4
7597 4430 8
2858 1039 36
5452 8461 41
14305 9599 41
606 13392 29
8131 5151 4
8654 13671 79
6512 12855 41
4625 718 10
2403 11671 4
6168 75 8
5046 12139 4
5461 2605 79
10826 12228 10
6121 5151 4
13016 9148 4
3969 186 10
3969 3275 10
6736 3339 4
11598 7872 8
1301 9405 41
13228 4956 56
14208 6552 4
599 4679 8
11022 12139 4
13121 5295 4
5585 7709 201
2579 7584 4
14402 12975 10
14402 911 10
9590 7103 10
7480 13004 25
9522 11924 131
4827 11981 4
11761 4228 25
8656 8656 10
3780 4508 40
4679 14179 25
10776 9148 4
287 7370 79
11103 7736 8
10644 11799 36
12807 13392 29
2698 11671 4
13568 11910 10
10866 2371 120
7389 5957 81
1062 13392 29
3767 2689 8
8567 8051 29
8250 12278 36
409 11387 4
8101 66 4
7376 9688 4
10132 8418 10
13432 9148 4
13191 10033 8
11819 652 81
1816 6036 79
2600 26 40
47 2597 31
9512 7370 61
3863 11910 36
13204 11228 8
1843 9148 4
6155 13617 10
12178 10103 10
8127 13650 36
8127 366 36
9158 4679 162
13660 5925 10
7217 9104 79
6218 7370 79
9478 12000 8
9663 6552 4
14407 2762 8
12340 3635 4
6830 1506 8
6539 9688 4
5047 6552 4
3338 12572 8
11448 12389 31
10850 2327 8
12573 7558 41
5390 3969 81
12386 11671 4
12817 4679 8
810 5856 8
12154 13671 79
1123 11 10
1195 13286 36
5778 1863 4
3273 6785 25
11117 3573 41
8181 11671 4
3122 290 79
714 11082 4
9578 9175 8
13611 5209 162
9432 12715 131
6240 13377 36
11764 5490 10
11163 13769 40
9384 11671 4
9322 6660 10
9619 9302 13
11967 9688 4
6061 3306 41
11475 7321 36
12077 2630 29
14285 12445 8
3028 75 8
14166 9212 4
4950 3009 4
552 255 10
552 4758 10
7459 1301 41
13206 10083 25
13185 1900 56
7617 11671 4
1923 7469 10
12508 11671 4
10189 7584 4
3108 1863 4
10241 3509 10
13995 575 57
2207 10483 36
13001 9148 4
13070 13498 188
1177 8737 36
5662 1140 10
4332 12389 31
928 436 139
7833 9212 4
12374 14459 81
10020 5427 4
7181 2079 8
14477 6193 8
11655 3026 10
2603 10951 4
1178 7370 79
3701 8315 10
7656 3339 4
1525 8793 29
12549 8550 41
5873 13392 29
11126 11473 29
10861 10033 56
6859 12336 136
13171 7859 10
4852 518 56
2260 1496 4
13477 1723 8
4721 5151 4
3852 1900 8
8552 5151 4
11856 12445 8
3124 2597 31
3060 75 8
12595 4189 41
12595 207 4
11979 6036 61
6078 11542 13
12385 13392 29
12389 12745 13
12389 4682 13
8456 12445 8
13645 11387 4
5096 5632 10
2429 1356 10
13476 13392 29
2767 2347 57
7309 8170 10
4325 9104 61
1963 7872 8
11558 13594 31
1794 9148 4
7689 11671 4
11940 5573 13
5574 12880 81
5698 9994 79
7597 5856 8
752 8603 139
12307 4301 57
7935 2412 36
1594 8303 81
12330 13189 10
11806 75 8
12981 8339 10
3969 2415 10
3969 9558 10
12615 3252 56
7877 10479 13
1933 66 4
13420 6956 8
7512 554 8
380 75 56
6936 13785 41
4483 4977 10
11289 75 8
1555 12442 162
11241 11416 41
1353 11671 4
12328 9148 4
5085 12445 8
11697 5151 4
5679 14034 4
8417 2954 81
8417 6660 10
13559 7178 41
13568 1878 10
13568 12228 10
4081 7084 61
2205 12139 4
8101 9304 4
1488 1733 4
7188 5566 29
13471 75 56
2600 3730 40
2175 13620 29
3863 8844 36
1612 11873 36
21 5857 10
12178 10785 10
9533 4679 8
8128 13392 29
12709 8516 8
10803 10033 8
11580 2245 83
2148 6577 13
12359 11368 10
7298 7584 4
4155 75 8
5356 6552 4
4924 11699 36
12335 5151 4
6591 1338 4
4043 13634 100
4500 10020 36
7096 5506 10
8085 2800 8
1261 3679 181
7472 290 61
10261 7872 56
1439 13392 29
4509 5295 4
3338 5856 8
922 422 40
13141 8140 41
4582 10261 25
8303 9466 10
11456 14429 57
2410 3087 8
4939 9782 8
4270 13392 29
3623 9994 79
13508 7584 4
11307 8891 36
8757 6711 8
2966 9662 10
1195 8891 36
12706 8660 4
11005 8513 56
3372 13083 4
11793 12654 4
837 615 4
2168 11671 4
4572 8573 162
7064 13392 29
9306 5853 41
594 10033 8
3608 720 10
2957 8329 36
9029 9378 41
11764 11910 10
11764 4725 10
11764 1061 10
12560 13392 29
4373 9601 10
2667 7456 36
14365 11387 4
1108 10170 61
13856 8840 25
575 5860 13
10080 12627 4
2887 7684 29
13594 14252 25
552 13769 10
14080 8364 29
10219 11780 10
14160 7376 10
1651 1651 13
143 13162 41
9009 7584 4
8826 12445 8
7849 3969 81
7192 6036 79
7413 11671 4
4001 11948 13
7987 12576 10
7987 5614 10
7987 5685 10
2282 4430 8
13157 13006 13
6014 11970 10
5681 8462 13
5769 13083 4
9743 4531 36
4799 9782 8
1017 2481 61
6297 5295 4
8261 14044 41
805 13652 25
4751 7926 10
6608 12139 4
13830 4279 4
6228 2823 4
10802 5482 136
591 5151 4
7756 12684 10
3124 1723 8
13513 3384 8
5561 12389 31
1806 4048 10
10025 1387 4
8295 13620 166
12389 7520 13
12389 12050 13
5383 8516 8
6149 12822 40
6149 10148 40
6149 1529 40
4656 9688 4
12201 14104 31
3354 4279 4
11501 9782 8
13748 4387 10
1939 4301 57
9883 4946 4
2429 13153 10
2385 6036 61
3134 14010 4
9403 7079 13
9403 5990 13
10038 13083 4
6084 4946 4
2624 13392 29
10940 2630 29
8510 9782 8
7993 1723 8
1486 11671 4
14305 7162 41
13854 8051 29
7589 13377 10
12591 11671 4
12330 3141 10
5303 5481 56
12463 7584 4
7877 13771 13
12309 6233 36
1054 13392 29
1844 4776 8
7300 11036 36
8064 6965 36
13290 12625 10
13290 232 10
970 12872 8
2766 5514 81
14402 6549 10
8836 10080 41
7 2630 29
9590 2157 81
7504 11671 4
13097 6711 8
22 7584 4
11929 6919 8
5592 12139 4
8949 6552 4
10164 9148 4
466 5137 56
485 13392 29
7857 9782 8
10531 10961 10
3873 1473 36
3873 12218 36
3873 10372 36
9044 8513 8
11430 11387 4
3195 1733 4
2329 7641 8
11506 11671 4
1873 75 8
1612 2415 36
13763 14034 4
3035 14218 13
12178 59 10
1276 6552 4
12597 11576 41
4412 9628 10
3550 4189 41
3101 7872 56
5416 3339 4
9755 9424 29
10578 10033 8
10661 8530 136
1747 9709 25
11687 14104 31
7530 5151 4
5047 9304 4
13897 9601 41
4199 6552 4
922 3283 40
6397 2734 4
12064 7425 13
12149 11671 4
11309 5856 8
12502 4173 41
3042 14143 8
14179 4679 8
6466 4946 4
2966 8576 10
10467 13392 29
12767 9000 13
5164 5151 4
5883 8516 8
4965 6746 10
1714 11591 79
1271 2304 8
3573 4269 41
5283 2630 29
2333 4430 8
1314 11671 4
10558 1733 4
11764 2602 10
3693 14045 81
11792 735 25
8099 3447 4
5856 2295 25
4460 7568 57
7073 2327 8
65 6552 4
430 13671 61
10219 7469 10
9143 13922 83
8057 3779 8
9829 8126 4
2926 805 56
14459 9466 10
3987 4630 13
12749 2630 29
11426 5566 29
8016 9688 4
8506 3460 36
9222 4686 40
13109 11671 4
12969 10838 36
11704 13098 36
13769 1863 4
14295 8513 56
13120 9497 36
7987 4731 10
9077 13083 4
7364 12139 4
1361 1711 81
13070 12835 188
5662 3283 10
11779 14050 40
2693 1506 8
4505 635 136
7964 10033 56
4903 75 8
10222 13392 29
2449 7352 4
9185 7054 41
3984 2486 10
9906 8844 10
3027 7309 81
12446 7361 10
10421 1733 4
1813 10033 8
9350 1387 4
805 912 25
805 13043 25
1182 4916 36
13111 13594 31
2993 9782 8
10480 7872 8
666 75 8
10402 6473 41
12389 3440 13
12389 10524 13
6149 7859 40
6149 5488 40
3024 10033 8
13612 13392 29
12273 4224 188
13928 8406 4
3071 4279 4
7514 10033 8
2915 13392 29
10334 319 13
5096 7376 10
7263 5151 4
1421 4956 56
12614 14200 13
12388 2020 13
2068 2079 8
6710 6759 139
12773 6552 4
3472 2327 8
12863 11671 4
767 12627 4
2387 14235 41
2858 7598 36
1362 5902 13
9563 12445 8
10345 11671 4
5639 11122 139
7799 10033 8
3941 75 8
10778 13620 29
12262 75 56
3969 13169 10
8168 6759 139
11368 7216 41
225 6179 41
3773 1882 57
12966 2262 10
9888 11671 4
567 13392 29
14205 3599 25
7739 3382 41
13839 7872 8
9505 6765 90
3499 6581 10
4627 12389 31
6058 849 13
6058 6901 13
5039 13478 13
7153 5295 4
3766 8550 41
4322 575 57
2866 27 41
514 7584 4
5538 805 56
3605 13392 29
8417 12525 10
12881 12872 8
13093 3999 25
9804 3999 25
7389 8877 10
6086 9688 4
9942 7641 8
5493 13392 29
1062 8513 8
13080 402 40
12114 10033 8
7586 2630 29
12070 9148 4
14313 5151 4
3873 8351 36
3195 4279 4
3863 13705 36
221 9782 8
1612 3561 36
1612 5372 36
7528 13392 29
3035 4806 13
1981 12359 81
7636 9782 8
14488 13671 61
5966 2689 8
1495 13392 29
5 7370 79
1866 8282 57
14070 9148 4
1722 7641 8
9755 8954 29
4210 9148 4
13291 9208 10
13291 1968 10
7011 7584 4
9715 13063 31
2246 10033 8
4941 9616 83
4582 14239 25
7642 12120 40
13837 13073 8
7379 11671 4
10872 12336 136
10276 2848 10
7709 14273 13
5504 4794 41
12289 9304 4
8142 11408 13
3295 11671 4
7764 6711 8
2966 4725 10
2966 9236 10
14306 11987 40
812 6552 4
6529 5245 57
8703 11387 4
13063 5689 13
11364 7977 13
73 13699 4
13701 7370 79
9306 10582 41
3583 7216 41
12911 11981 4
6015 11122 13
1678 5411 8
9029 14329 41
4675 75 8
11764 14203 10
11133 1863 4
11896 6948 31
11001 1863 4
8416 9148 4
10576 4279 4
3761 7684 29
13594 5868 25
639 13392 29
10910 8621 29
65 7584 4
552 10181 10
552 8444 10
552 13537 10
5844 13329 29
6178 11010 36
10022 7663 31
11316 9148 4
4152 13392 29
12688 7584 4
11966 7650 61
9519 13594 31
8186 13671 79
9222 7859 40
13343 2334 36
7921 8513 8
8621 5350 128
8178 13392 29
7070 4465 13
11094 11612 13
3701 10189 10
13157 3254 13
10460 5151 4
293 12389 31
2444 11387 4
5299 9782 8
12027 4117 25
7927 10033 8
13873 11671 4
10072 14117 8
805 13097 25
805 14422 25
14400 10250 181
13111 554 8
2512 1863 4
9867 5281 139
11769 12688 36
10226 75 8
2993 4679 8
2295 10033 8
4551 7872 8
9717 75 8
7740 13671 61
7446 4125 13
9128 75 8
12389 3611 13
12389 6521 13
6149 11772 40
6149 5416 40
3671 5069 13
8607 3210 36
10334 2471 13
3934 1733 4
13971 7370 61
10318 9623 13
4706 4869 10
4706 14334 10
13169 7352 4
5991 11671 4
6336 11671 4
14241 207 4
14432 6552 4
9893 9747 8
7178 11869 41
7178 8238 4
14132 566 100
131 5381 131
1824 6711 8
7363 13382 131
13392 6514 128
4493 11480 41
14276 9718 10
11149 5151 4
1541 10033 8
8609 11671 4
9922 6852 13
8390 12654 4
12714 1685 10
288 13620 29
3969 6152 10
3969 4758 10
12652 1568 13
12586 12389 31
2683 6488 4
12440 5151 4
2847 3679 181
13290 4275 10
11518 4604 40
5285 1026 10
11825 9586 36
465 6552 4
10321 1387 4
2928 6711 8
7153 12041 41
7949 8847 29
11690 9148 4
5177 12445 8
7325 13594 31
9667 4604 36
1734 9782 8
4072 12027 8
3085 6711 8
2868 4679 8
3620 6552 4
11360 8685 40
1359 2492 4
8003 290 61
4644 7599 41
11349 3073 36
8127 8 36
10527 3514 10
3391 8842 40
7217 10196 79
12359 13650 10
10685 6711 8
402 1733 4
12725 11761 8
2153 1117 188
10470 14266 13
6411 13392 29
9172 547 36
5020 7705 10
8085 75 8
8085 6193 8
5530 5295 4
5320 1733 4
6894 11387 4
5666 6552 4
7371 7584 4
6484 9688 4
11322 13671 61
13475 10707 8
5330 12002 41
14424 12218 40
3746 7872 8
2793 12139 4
5198 8630 41
1195 11680 36
5118 11671 4
12767 3953 13
4090 2336 36
2883 7650 61
4965 12120 10
13361 8830 10
12734 3339 4
11552 10190 131
6988 3339 4
9929 8889 4
13604 4679 162
12718 7370 79
11751 6063 166
12584 8339 10
4650 11671 4
11419 1496 4
7719 13253 57
7920 9906 81
13856 11904 25
13856 13628 25
11475 13637 36
6253 7584 4
11575 7584 4
7562 11671 4
13342 5151 4
4687 12916 120
720 4279 4
1473 9212 4
3350 9148 4
688 11671 4
12969 7216 36
8996 4956 56
9617 11387 4
5662 6660 10
5951 14044 41
13231 13141 41
3701 7460 10
3025 11387 4
6014 4413 10
12011 2954 81
5769 1733 4
3984 3938 81
5049 8543 13
8261 12002 41
14425 14280 13
14044 8679 41
4751 4725 10
11059 7374 36
8948 11671 4
4127 891 29
5868 3087 8
2242 11671 4
9830 3339 4
14272 12139 4
6929 8513 8
862 11010 10
8540 9464 36
6460 7684 29
11087 1748 4
8326 13594 31
7674 9606 4
7423 10655 41
3124 2630 29
325 14538 188
643 2766 81
1806 2396 10
2325 13392 29
8244 5151 4
3061 9971 57
11865 8872 10
12389 7567 13
12389 8939 13
12389 2919 13
6149 5490 40
2682 9148 4
12273 12812 188
10334 12885 13
511 1733 4
7984 2602 10
7309 8303 81
2021 1723 8
10938 9449 10
253 7641 8
9403 7117 13
10736 8854 4
1824 10033 8
12457 9782 8
7328 1733 4
12671 9148 4
13098 4279 4
10001 2390 8
2293 9148 4
3199 12445 8
5219 4225 41
1829 12993 29
3811 4257 61
12714 3974 10
14414 13392 29
1731 6552 4
14236 13546 57
3969 14112 10
3969 12333 10
14410 7352 4
12989 13392 29
6889 13392 29
13290 535 10
9086 13821 13
5310 1748 4
1089 3339 4
3833 12155 56
1373 3447 4
538 13392 29
13214 7370 79
13568 1026 10
11070 5151 4
3388 5123 41
409 5295 4
12445 11818 25
14337 12139 4
10390 7370 79
9044 12445 8
13300 13049 41
223 11671 4
10227 3886 10
2600 10483 40
3863 6965 36
10822 3210 10
1274 12139 4
989 13403 8
10033 12540 25
6867 4477 10
7677 5295 4
9486 12348 8
8127 7741 36
13275 10951 4
6711 12908 25
3391 6467 40
3831 13392 29
1400 6477 131
10304 12872 8
1127 7370 61
3916 5789 13
3667 2734 4
9755 7970 8
13911 5151 4
12624 14143 8
5654 9148 4
13291 1049 10
5607 11671 4
2091 11671 4
12012 4679 8
7435 1159 25
2699 14118 29
9840 8847 31
6006 6193 8
9594 7872 8
11116 1863 4
12008 1748 4
3509 7584 4
2337 5082 40
8757 4776 8
1195 6031 36
7012 2283 120
12601 886 131
2338 6552 4
1613 5295 4
14198 8240 41
3583 5151 4
594 12389 31
1965 5151 4
13672 7684 29
7101 3579 166
13377 11671 4
11792 8545 25
2667 9009 36
2667 8645 36
2667 4686 36
8611 9148 4
7529 13104 10
8878 5151 4
130 5151 4
3479 635 136
6018 2161 13
4425 11671 4
11475 1473 36
5059 1359 10
2146 733 10
13594 8564 25
13426 12767 120
329 13392 29
552 12934 10
10219 13617 10
14160 4520 10
6785 13392 29
14269 13620 29
9188 11671 4
10900 6890 8
12808 12922 201
10840 7065 40
8506 13519 36
10557 11780 10
11510 10067 41
8890 5295 4
10751 13034 10
5329 11671 4
7987 13353 10
7987 13153 10
7987 2486 10
5662 186 10
13352 1387 4
8477 13049 41
1154 4956 56
1766 12220 79
1178 6036 79
1178 9994 79
12175 13615 8
12011 12022 10
3984 13887 10
11356 11387 4
9526 9985 131
3157 628 41
10889 12389 208
8486 8513 8
805 12493 25
805 11424 25
805 13927 25
4751 4824 10
4751 5092 10
11319 11671 4
2260 12139 4
11880 10033 56
7182 11108 83
3754 9148 4
13505 508 41
7862 5427 4
3063 12872 8
7756 2849 10
5074 11671 4
1806 1132 10
14104 7262 13
11134 12139 4
11485 9406 29
3592 5137 131
12389 2435 13
12389 10857 13
12389 11948 13
10794 12220 61
4837 12872 8
987 1387 4
8545 11792 8
10789 2079 8
593 12336 136
13580 12445 8
3452 11229 8
423 13392 29
2936 1733 4
11626 11671 4
3472 4679 8
8229 12767 120
13688 5375 181
6692 1733 4
13638 6711 8
6869 11915 10
1155 2995 4
12992 10132 81
12992 10541 10
6127 11945 8
6127 13392 29
10961 9688 4
5448 8100 4
4661 6018 13
1934 1748 4
10826 3875 10
1537 9782 8
4228 11761 8
14195 5856 8
5009 10033 8
10619 6552 4
651 9782 8
651 5856 8
3787 2226 57
6609 7872 8
1767 6552 4
6 12445 8
7325 12389 31
14361 13392 29
8417 5029 10
13909 3000 36
12703 805 56
6726 565 4
2954 12541 10
9882 7328 40
6866 3573 41
144 12139 4
4644 13725 41
896 7524 10
10146 2263 10
1612 5555 36
13766 12389 31
21 2938 10
14336 5151 4
3556 5740 4
2982 9782 8
1175 7052 4
38 12389 31
3018 11981 4
11663 4707 230
14005 12032 13
5498 7178 41
6995 1895 57
4994 11671 4
9471 9782 8
2250 615 4
13291 9464 10
11078 7584 4
9881 9332 139
443 11671 4
3988 7370 79
4969 13392 29
11456 8621 29
4270 10033 8
4401 8238 4
14424 665 40
2337 10643 40
676 5052 41
13863 11854 56
14149 11671 4
1123 13637 10
2966 12333 10
5608 2548 8
11717 11671 4
9816 2688 13
7235 9406 29
7277 7684 29
13397 11981 4
10242 13392 29
11764 738 10
14017 8513 8
12762 11387 4
5139 6036 61
4373 11821 10
7510 12028 100
2760 9688 4
3554 14104 31
9897 3645 128
13856 7897 25
2113 11671 4
5059 747 10
4867 6100 41
13594 7662 13
13594 12336 136
11412 11761 8
552 12625 10
4504 13392 29
10079 12993 29
2204 4776 8
14448 14359 40
9519 7906 29
2356 10681 57
1118 14034 4
12590 11852 120
4813 3578 10
10557 13290 81
3152 2481 79
7082 5295 4
4001 13211 13
39 5295 4
1529 7584 4
2580 12389 31
3356 11935 13
2207 3026 36
10799 1747 8
2291 6711 8
2755 14151 4
12011 8737 10
10130 13392 29
4799 4776 8
2534 9106 13
9724 9148 4
672 75 8
4899 2327 8
8261 5677 41
9359 10196 61
13171 13300 10
13154 1895 57
7907 11981 4
10592 9148 4
862 8065 10
9016 1733 4
8197 10033 8
12263 11924 131
4323 13982 31
1115 5151 4
3061 8513 8
9128 7872 8
3592 1356 36
2762 13068 25
12389 12833 13
12389 13232 13
6149 2147 40
6257 5151 4
5468 13664 36
8544 11671 4
4735 2689 8
11501 11229 8
8456 11228 8
8076 11671 4
1711 12047 10
2429 13928 10
13971 2605 61
4706 3969 81
2767 13392 29
2158 13614 41
2542 7872 8
798 7584 4
2273 518 56
10938 2263 10
12638 3331 41
9403 3803 13
9207 6711 8
12863 1733 4
10275 10992 120
10275 6037 120
8229 3512 120
5514 8302 10
3517 9653 188
14004 7115 10
2854 12336 136
2798 5856 8
5693 2079 8
2258 13392 29
12510 3447 4
11743 6552 4
695 13392 29
7589 3354 10
974 4048 36
12330 12277 10
12714 255 10
11516 11387 4
3969 2710 10
3969 7104 10
3969 3505 10
165 5151 4
12463 11671 4
2710 7352 4
4364 10033 8
3938 6796 10
13650 7584 4
1089 5151 4
5285 2334 10
3007 11591 79
9981 5151 4
14402 9748 10
3499 1140 10
3880 5856 8
4495 3795 4
4172 9994 79
1277 2630 29
7417 12856 31
2716 12499 230
10520 1008 13
7242 5151 4
12458 9148 4
6603 2800 56
12013 2042 13
11818 9789 8
14288 832 41
6281 903 57
13909 6760 36
2367 5151 4
13568 11772 10
5645 2548 8
2556 5151 4
14482 4264 4
1405 9424 166
12114 75 8
4575 1385 13
3019 13392 29
3873 11152 36
896 2293 10
628 343 41
13801 7710 57
13801 2079 8
5566 13667 128
8713 5151 4
7482 4679 56
5262 7524 36
10527 4963 10
8357 13392 29
7096 10896 10
10487 6036 79
1675 5984 41
1675 1748 4
5203 11671 4
8325 9994 79
8661 13392 166
4582 6622 25
4582 6655 25
6397 9148 4
8292 4279 4
7901 5636 40
6053 3483 41
11576 13784 41
5783 5616 31
14424 14359 40
10608 8270 57
2966 3469 10
1195 8810 36
13459 7096 81
5421 7641 8
5640 1733 4
6103 10523 40
6641 13392 29
7897 13392 29
4373 7469 10
305 13671 61
12554 9593 81
11824 12389 208
10576 7584 4
10580 5469 10
3761 4301 57
13594 7022 13
7308 2548 8
3545 3339 4
3226 13671 61
6178 7321 36
12062 6711 8
2114 75 8
143 5117 41
13743 12746 10
3745 11671 4
1923 13000 10
11050 14369 41
5176 12139 4
7998 11671 4
8506 1884 36
9222 12333 40
9582 1338 4
6573 7872 8
10853 9782 8
12509 75 8
2207 10491 36
178 1451 10
7987 2396 10
7987 5810 10
2754 12389 31
10799 2390 8
2532 14143 8
11709 9148 4
12556 11671 4
5681 14380 13
5299 10033 8
3157 66 4
4751 911 10
9789 11974 25
1872 9273 83
8540 10899 36
13609 2481 79
2483 14010 4
9680 12767 120
6078 9126 13
4584 13403 8
14016 4289 13
3592 8 36
1911 8621 29
12389 4018 13
12389 2402 13
12389 5482 136
14052 2630 29
6149 4762 40
13091 6711 8
13192 13083 4
8429 8621 166
10410 481 13
807 13392 29
13023 2492 4
2429 2710 10
7652 6552 4
12020 290 79
11674 1038 139
12030 1496 4
3510 2131 41
8069 4470 25
1783 4946 4
11190 7555 13
14305 11480 41
3378 6434 120
695 10033 8
14323 13671 61
12330 5448 10
11127 12993 29
3969 3469 10
3969 7741 10
3969 411 10
3969 10059 10
1958 2876 4
12523 1387 4
13439 13671 61
12287 628 41
9997 7950 13
5957 3969 81
13818 6028 188
13290 10089 10
4483 3951 10
29 4776 8
11904 13546 57
1402 6660 10
13722 9148 4
5830 3339 4
70 6711 8
8656 4959 10
214 6552 4
10644 11143 36
12482 11387 4
4740 13392 29
8949 9148 4
11628 6385 40
13568 11970 10
10866 5341 120
7458 9148 4
5429 10520 57
8450 8530 136
12836 6711 8
10132 11920 10
7680 7736 8
3873 4827 36
10430 4776 8
14513 5856 8
2713 13392 29
11358 12139 4
3863 11337 36
74 13392 29
13801 2689 8
5262 1034 36
12709 14117 8
8549 10979 40
13660 10227 81
14530 5482 136
4412 5072 10
1650 4264 4
3005 1748 4
3959 13392 29
10742 6711 8
13291 11677 10
11158 11981 4
4791 13594 31
1231 687 139
6539 11671 4
3691 9148 4
922 12576 40
6314 7736 8
836 8943 29
10308 8854 4
11662 5151 4
14087 8882 56
4576 4301 57
10396 11671 4
12767 2501 13
13063 2369 13
13790 11671 4
11522 5151 4
12384 13620 29
1678 12872 8
3197 13920 10
9907 10033 8
2667 9245 36
4673 6234 13
10067 5151 4
4209 11023 13
10409 7352 4
11475 9628 36
11714 3026 10
13594 6196 13
13594 7353 13
552 535 10
552 4048 10
6752 892 10
1603 2548 8
3429 973 61
6100 11340 41
529 2079 8
1118 6552 4
11777 4013 57
192 1387 4
1052 8847 31
4225 11387 4
2880 9265 41
10911 805 56
41 6552 4
10701 11671 4
8975 2548 8
4001 12014 13
7598 207 4
7987 9679 10
9886 2492 4
928 1033 139
10157 12445 8
7610 2933 13
7070 1604 13
3650 11671 4
90 9251 13
9010 11671 4
7892 9148 4
3095 5151 4
2534 8427 13
1656 13392 29
13873 12139 4
2643 4021 8
2458 10950 40
12410 11671 4
5910 13110 8
13171 3730 10
10220 7872 56
805 7283 25
13504 14526 128
8814 1039 40
8197 13392 29
7628 5482 136
3307 9148 4
12019 9782 8
1806 7103 10
12094 14218 100
13742 13392 29
4761 12445 8
4079 11671 4
12389 7978 13
5460 9148 4
6149 1140 40
12273 6028 188
12041 4570 41
14048 6552 4
1711 14049 10
1711 13705 10
8162 7084 61
12388 11962 13
12235 5856 8
14373 2605 61
4337 1748 4
9893 10707 8
9403 8323 13
13773 207 4
13802 11671 4
2858 11902 36
11547 8573 162
7935 6307 36
12992 7469 10
6127 2079 8
2463 6711 8
5219 3550 41
2696 1863 4
10389 7872 8
6702 3447 4
12330 10711 10
72 5490 36
900 11915 40
12148 5151 4
1413 2548 8
6851 4704 10
1063 8513 8
11013 14044 41
13740 4279 4
13818 1680 188
11518 1958 40
4711 14064 13
4964 11387 4
6058 1778 13
13097 75 8
2877 7370 61
5243 5000 36
9024 1863 4
14372 12365 40
9208 7584 4
1462 11473 29
7416 12445 8
8341 11671 4
1262 8954 166
4391 3275 36
13909 5372 36
12231 5779 120
5029 4279 4
19 10033 8
6473 498 41
6473 207 4
12096 3301 36
2600 13098 40
2600 3388 40
2600 5825 40
2600 7598 40
564 10033 8
3863 9466 36
3863 4275 36
10033 10660 25
12177 14392 41
91 12445 8
5813 13594 31
2059 5856 8
6654 9547 41
8730 10033 8
10320 685 8
6962 4956 56
587 5151 4
2153 12812 181
11895 6711 8
3999 6711 8
218 12139 4
3702 5285 81
9620 6552 4
6104 9148 4
2361 11473 166
386 6591 41
1894 75 8
7825 6937 13
13530 13392 29
6813 4279 4
11893 330 13
1982 8069 8
11184 1733 4
10169 13392 29
836 12872 8
2071 6036 79
12466 7584 4
14424 3514 40
9903 5151 4
1549 11671 4
1152 8282 57
172 5482 136
431 11671 4
2871 334 4
12767 2346 13
10282 12485 10
12734 5151 4
3944 12389 31
8473 9148 4
11764 3710 10
2348 13835 40
8078 5151 4
9619 7070 201
9572 13392 29
9618 10034 13
5059 775 10
13594 3487 13
13594 4060 13
14024 12139 4
14369 4794 41
12414 13392 29
14457 2823 4
1603 10033 8
6747 6552 4
145 13392 29
9937 10033 8
5434 3669 36
6755 9148 4
4813 6692 10
10241 21 81
12969 2263 36
13405 1733 4
2207 10324 36
11946 13392 29
14383 9782 8
8206 1249 36
12174 2238 10
11392 6552 4
6014 11220 10
10967 7584 4
9906 8877 10
3700 5151 4
13378 4279 4
12194 12993 29
3157 4401 41
4633 5482 136
6214 13063 31
3256 13340 13
4978 10033 8
6094 2481 61
805 1316 25
3433 13392 29
9789 13177 25
14104 12819 13
9497 4279 4
13370 7872 8
11885 3642 31
9128 1055 29
10263 12389 31
6625 12389 31
4187 1863 4
11297 14023 100
10870 13371 13
7333 7684 29
1711 11588 10
2429 12522 10
8712 7584 4
8364 5440 25
1000 7584 4
13312 6420 4
3236 13392 29
6800 1711 81
6336 5151 4
4415 11671 4
737 4279 4
10483 11671 4
4153 9042 4
14321 1733 4
9055 12715 131
14453 1585 120
12468 8847 31
13385 4664 8
12307 14447 29
12992 1356 10
9858 6711 8
12330 2363 10
12148 12139 4
11516 9304 4
13725 8630 41
3969 13098 10
3969 5509 10
3969 1368 10
7877 7319 13
1070 6552 4
4430 3433 25
7245 2734 4
5285 6086 10
4511 11671 4
1120 5490 10
3381 2265 131
10982 1733 4
7949 5856 8
1402 3925 10
11761 8294 25
3186 9148 4
4598 2079 8
4598 12445 8
14212 5151 4
8656 2952 10
2503 5381 131
6820 4757 10
3039 13392 29
14063 13083 4
9667 12266 36
4159 4021 8
424 5616 31
10311 5566 166
6473 5870 41
10673 13671 61
3863 2936 36
3863 10424 36
3863 5541 36
4970 3208 41
21 10725 10
10737 3627 10
2434 75 8
6080 2689 8
8549 10391 40
3512 12028 13
6943 12654 4
10435 11671 4
519 10033 8
2358 8424 25
4791 2689 8
4947 9148 4
11171 6179 41
9430 11671 4
7983 5295 4
1982 5646 57
12573 161 41
2613 1140 10
12752 1711 81
11579 11671 4
11202 9148 4
10012 973 61
6989 13392 29
9306 9185 41
14123 4993 4
1770 13671 79
13222 9304 4
13840 8126 4
4675 13392 29
11246 5657 36
11792 1525 25
12554 7502 10
12554 657 10
13760 5856 8
8550 11387 4
11714 10786 10
2146 2871 10
13014 7584 4
13594 5927 13
13445 14293 81
5844 13392 29
14364 2429 81
12214 13392 29
8057 4776 8
252 8516 56
11084 4668 166
13967 1739 41
8493 1338 4
14423 9994 61
7314 11671 4
10840 7926 40
9222 9426 40
9222 6796 40
3127 12139 4
10557 652 81
12834 11671 4
589 9411 120
10516 10033 56
14211 9449 10
4001 7567 13
2240 13403 8
12318 10270 57
1142 11229 8
8623 8513 8
7610 5712 13
1457 11387 4
12830 5295 4
3701 12365 10
6564 2605 79
1918 12389 31
7561 3568 36
3157 9547 41
13993 2512 10
10584 1733 4
3577 5295 4
10399 10033 8
805 2377 25
805 8498 25
805 8993 25
13902 11671 4
12305 9086 57
4826 1723 8
4886 6036 61
228 1863 4
10405 4417 139
6853 13392 29
12739 9148 4
13857 13594 31
13309 6001 10
5298 12389 31
9458 9424 29
12389 9940 13
12389 6376 13
12389 11957 13
3233 6552 4
4686 9688 4
2542 13392 29
13930 7584 4
7409 6312 166
1453 8513 8
1785 12336 136
2312 4541 4
1558 9424 29
12608 6835 61
5732 6711 8
10001 4195 8
4158 7877 208
1618 11780 10
11582 13392 29
12526 6552 4
11258 1387 4
14163 4621 13
2403 1387 4
4759 11271 181
6702 565 4
4933 11671 4
648 8513 8
5214 1534 13
3828 12139 4
3969 944 10
12309 9141 36
7075 7584 4
14532 8847 31
9962 8513 8
11848 1733 4
13290 3627 10
5785 13392 29
4261 7370 79
9590 4751 81
5294 12445 8
3647 9688 4
1826 5375 181
10543 11671 4
10677 11671 4
1402 2462 10
1367 6711 8
7451 10661 31
10043 1748 4
13368 5427 4
10644 5857 36
10644 7827 36
14312 11671 4
4391 10718 36
4391 2396 36
13079 11671 4
8417 8449 10
13909 13769 36
5270 9148 4
2938 4279 4
13080 5810 40
5449 11671 4
11873 13049 41
5350 5482 136
12445 780 25
1067 1748 4
3571 13392 29
13943 9148 4
10033 4978 25
2982 12872 8
13660 3376 10
1801 13392 29
1741 2647 10
4757 1733 4
11527 11671 4
13181 9606 4
3469 11671 4
10165 6948 31
13614 9148 4
10129 12139 4
11687 12389 31
7076 3339 4
10640 7370 79
13527 11671 4
922 453 40
6430 10033 8
4582 2655 25
1982 1723 8
5501 8854 4
11991 13083 4
6478 5151 4
2196 13610 166
1123 11735 10
68 2630 29
12908 9730 8
843 1723 56
6240 5453 36
3693 5134 10
9850 5209 162
11246 4361 36
4373 9108 10
9322 12992 81
8519 11404 56
9618 2392 13
6444 11671 4
2362 9985 131
2146 13650 10
13594 546 13
14369 837 41
13293 8873 131
65 5295 4
12414 2548 8
552 9224 10
6178 2415 36
8714 7872 8
13799 10033 8
1482 7370 61
5947 8480 36
3698 13392 29
9937 4301 57
1393 13392 166
1660 5856 56
11777 7641 8
12173 6552 4
3594 11671 4
13995 8621 29
41 11671 4
9054 6193 8
5055 1895 57
14211 2966 81
8178 13594 31
4531 12139 4
2290 7584 4
11779 9173 40
7763 22 10
7610 13736 13
5528 1791 57
11903 13392 29
4903 4679 8
5496 6711 8
12243 11671 4
10999 6552 4
8461 11562 230
6949 9148 4
12481 10573 57
5502 3339 4
5469 1733 4
5040 2304 8
11040 5566 166
7313 3881 79
1176 5856 8
13171 12755 10
805 5301 25
805 7015 25
9130 6592 10
10885 4776 8
7132 12389 31
862 2579 10
1112 2630 29
4204 5151 4
11856 10992 57
8383 7872 8
2011 13148 31
11134 3339 4
3064 11671 4
4266 11671 4
12389 11278 13
12389 11801 13
12389 8350 13
508 9148 4
6884 13725 41
4837 6711 8
807 12445 8
7514 7872 8
13748 10236 10
13748 3354 10
6845 2866 41
9164 5151 4
620 6001 36
1968 11387 4
12388 11187 13
4698 1900 56
3661 13392 29
9403 3181 13
1827 12389 31
5514 7365 10
11940 7007 13
3937 11671 4
9563 9782 8
3816 1863 4
4047 4587 201
6123 3625 8
7602 9424 29
7782 11469 13
7338 9782 8
4661 11094 13
4809 11671 4
3969 12995 10
3969 10979 10
3969 10089 10
1958 7584 4
6851 4751 81
9713 6781 90
8177 9985 131
12966 483 10
4228 685 8
7221 10510 13
12081 12713 10
6936 3313 41
13290 913 10
9679 1733 4
3322 2816 41
5665 2347 13
14402 1140 10
14118 14154 128
10355 13392 29
8269 2630 29
5726 6711 8
11923 8183 10
11929 10033 8
12529 4257 79
13548 8201 139
4391 14166 36
13314 9148 4
4077 9945 166
12445 3199 25
2832 5856 8
10531 552 81
8838 13671 61
3873 13920 36
9817 6711 8
3863 12022 36
10148 11981 4
12177 1934 41
21 7361 10
4546 5151 4
10929 1387 4
1161 3339 4
8659 13392 29
1183 10707 8
1741 3210 10
10304 5856 8
5020 21 81
10797 10657 41
13291 402 10
11883 5209 131
6539 10951 4
4582 5418 25
4586 5151 4
5501 11671 4
5261 1723 8
809 13392 29
10037 9688 4
11449 1503 120
2337 11395 40
12726 10033 8
4581 10033 56
8163 12445 8
11348 11387 4
10478 12145 36
2966 12047 10
2966 13769 10
162 6552 4
5608 13347 8
13459 9906 81
11601 5151 4
4819 13620 29
9306 13967 41
489 12445 8
14458 2981 13
1678 10033 8
1314 4279 4
5521 11387 4
13937 7584 4
4267 13266 181
11764 3272 10
2667 2579 36
7510 11170 100
575 9335 13
411 5295 4
13014 8889 4
13594 3489 25
5685 7352 4
5884 9688 4
1603 5621 57
13743 12930 10
3080 12389 31
9984 13674 41
11334 11671 4
8226 13650 36
9222 10038 40
9582 6822 4
10725 11671 4
10126 75 8
9309 11671 4
11704 12500 36
6071 3753 57
10882 3221 31
7111 5694 188
2806 11671 4
11779 12975 40
5528 7970 8
7540 11671 4
2291 6193 8
6615 9994 61
6219 9747 8
1812 12139 4
11035 7872 56
12618 11981 4
13993 1465 10
816 12389 31
4559 10033 8
13171 10635 10
9387 13392 29
805 8750 25
10834 9782 8
5868 13594 31
14272 7584 4
14444 75 8
862 301 10
8087 1748 4
6808 11174 4
227 12139 4
3394 14143 8
3722 6617 25
1201 13922 90
12389 13647 13
12389 14147 13
12389 14035 13
6149 14387 40
5182 5137 8
2131 12627 4
10334 13341 13
11006 11671 4
9577 8660 4
4873 5151 4
7099 3071 10
10081 2346 201
2996 9424 29
798 4279 4
10122 2510 40
6992 5151 4
9088 6711 8
9403 9884 13
4363 10067 41
13773 837 41
3014 6238 10
3014 4486 10
3014 6796 10
14276 5096 81
6501 2630 29
7935 2602 36
1362 1492 13
678 13073 8
7558 5295 4
3457 3339 4
6945 7309 81
974 14091 36
1063 13392 29
1054 1895 57
13290 11368 10
11518 11991 40
11518 6148 40
4502 11671 4
6058 2820 13
7480 6068 25
4944 5856 8
1353 11387 4
5475 8364 166
10302 6552 4
1402 1991 10
875 9994 79
10248 5856 8
8656 9266 10
4301 11144 13
8766 11792 8
11923 9638 10
7416 8513 8
514 9148 4
14233 9148 4
13174 11945 8
7325 2689 8
6213 1863 4
11628 7374 40
8417 8175 81
13909 5448 36
424 8468 57
11805 9758 13
1931 4776 56
536 5856 8
2954 10038 10
12610 2597 31
4833 5151 4
5858 12139 4
3873 10947 36
3873 297 36
1671 14213 166
5919 9424 29
3863 851 36
4970 6552 4
21 8587 10
5723 9985 131
9533 2689 8
6912 5856 8
12724 9782 8
2434 13594 31
2434 7872 8
4170 6711 8
11600 4310 81
14167 13141 41
32 2079 8
1295 1748 4
12896 10037 10
2157 2523 81
9715 4776 8
8325 7370 79
4199 1387 4
3216 11174 4
104 10033 8
7735 1733 4
5798 3359 13
6277 1723 8
11449 3616 83
832 4383 41
5613 75 8
3532 8954 29
12817 9782 8
3422 6036 61
1123 4275 10
5164 9148 4
13059 8700 41
6693 1496 4
6787 7872 56
6787 2800 56
10653 1730 8
2957 6024 36
13937 11671 4
11764 944 10
4275 1733 4
4275 7584 4
14126 11387 4
2146 12934 10
11637 2895 13
13594 4887 13
12674 10033 8
13426 13600 120
533 9148 4
4445 9688 4
65 9148 4
12334 8700 41
1355 3339 4
6178 2936 36
7459 13162 41
7516 506 57
13967 628 41
11080 12336 136
14459 4597 10
13582 11671 4
11777 75 8
5279 10033 8
9222 6592 40
608 687 139
10785 9212 4
7987 5541 10
11686 6036 61
11372 13392 29
12237 7370 61
8587 11671 4
6524 7370 79
4903 14104 31
8398 4279 4
6646 13975 201
5086 2733 31
8709 518 56
14330 12445 8
2407 8943 29
11397 2079 8
8465 12389 208
805 8870 25
805 10921 25
805 13493 25
14044 10813 41
2617 11671 4
13434 9148 4
10086 5151 4
1368 8116 41
3852 5856 8
9385 14057 31
9765 12139 4
9680 7601 139
5861 13594 31
4323 9782 8
1201 8589 90
11885 5856 8
12389 3106 13
12389 1882 13
12389 11045 13
12389 6574 13
12389 7246 13
13498 5045 181
7392 6552 4
4456 3339 4
690 7906 29
9655 1322 4
1572 9782 8
4602 12627 4
7309 4437 10
7097 11805 57
8481 9148 4
5240 11671 4
11558 7070 31
10934 5151 4
7487 12139 4
4769 1863 4
7178 4225 41
9403 7323 13
9403 4881 13
8133 5856 8
9934 12389 120
6792 8513 8
6792 10505 8
8453 8891 10
11919 2605 61
7430 7778 10
9554 5151 4
3199 7872 8
801 9444 41
5624 5295 4
10214 11671 4
7338 554 8
6269 10458 13
3969 6213 10
14360 8647 13
3253 5151 4
13290 3606 10
13290 1718 10
5896 11671 4
3499 8292 10
12356 9642 13
3686 11671 4
4472 11671 4
2043 10033 8
11923 8207 10
7644 13392 29
10047 13392 29
10259 1748 4
9559 7584 4
8949 5151 4
8175 9419 10
9301 9994 79
2630 9429 128
1916 8364 29
11360 4824 40
12126 75 8
7503 3339 4
9882 10632 40
8135 652 81
3244 4946 4
12892 2548 8
3818 506 57
10227 13121 10
13658 8988 41
3863 7695 36
21 1949 10
10527 13171 81
9290 5384 36
8659 14104 31
1801 10033 8
1865 5151 4
9460 422 36
3250 6552 4
14426 12445 8
11745 5151 4
2835 12714 81
652 6354 10
2412 7584 4
11424 75 8
6104 6552 4
5497 12336 136
1894 2548 8
4582 6787 25
1342 5151 4
7901 5692 40
13371 7370 61
2488 13392 29
10195 13671 61
8142 14158 13
12502 1733 4
13508 9212 4
14424 13868 40
2377 1895 57
676 8890 41
5311 5151 4
14306 12365 40
10396 1387 4
1328 8280 10
6988 11387 4
10283 11671 4
6689 13392 29
9029 13141 41
9029 4394 41
2289 6193 8
11764 2293 10
11764 11861 10
3693 11780 10
11246 11910 36
11792 8969 25
4373 13617 10
2667 13230 36
12947 3969 81
2149 635 136
8971 4279 4
10409 13083 4
13856 11369 25
516 11671 4
5059 2412 10
13594 4678 13
13594 226 13
4440 2689 8
10083 12389 31
12334 10655 41
552 12119 10
7690 9782 8
10840 10037 40
5135 6552 4
12078 11671 4
7616 4946 4
5331 12872 8
11137 4730 10
8506 7216 36
608 444 139
456 6560 41
12990 5856 8
1616 3837 57
7111 3584 188
12294 8875 10
6069 11671 4
12196 14034 4
8206 1821 36
1820 9397 56
1766 4257 79
7015 75 8
12011 5657 10
9576 14200 201
5086 2630 29
9906 14385 81
9906 426 10
12481 11404 56
11963 6890 8
3711 75 8
616 7584 4
672 10033 8
11191 1723 8
13171 7478 10
9130 14352 10
1182 13870 36
5868 13392 29
12106 5295 4
684 14104 31
9385 6711 8
5155 11671 4
286 13290 81
12389 4622 13
12389 8955 13
7681 12389 31
3966 3447 4
9681 2689 8
14009 1506 8
14009 10033 8
10515 7370 79
12568 75 8
5837 5295 4
1968 6473 41
11247 10033 8
10117 12028 208
11558 13392 29
10156 5245 128
8335 12780 83
2213 7970 8
4105 6036 79
11582 6711 8
1362 12770 13
4661 2609 13
2046 9994 61
4695 12627 4
3969 4276 10
12309 1034 36
5285 3141 10
14186 1387 4
11802 6552 4
9101 8793 166
1120 9117 10
13759 9688 4
11644 5411 8
12964 1748 4
10266 5151 4
11761 1827 25
11761 4837 25
12912 12647 208
8656 6508 10
10734 9148 4
11923 13181 10
1693 11340 41
8124 11671 4
10018 6542 10
4745 2689 8
8417 12934 10
13568 10552 10
13568 1821 10
13568 1735 10
1416 14181 56
12396 1748 4
10311 5038 166
4077 13392 166
8250 2849 36
9882 11575 40
1703 75 56
10132 1084 10
5919 10728 29
13305 7162 41
2600 3301 40
2345 4519 13
3863 14272 36
1612 9724 36
3547 9148 4
6655 7872 56
1485 6036 61
8927 13709 10
9486 9782 8
1943 13392 29
10455 11671 4
8773 6552 4
4412 3875 10
915 4257 79
1882 6036 61
4803 8126 4
9460 3627 36
13921 290 79
1266 5151 4
4500 4531 36
5652 7584 4
6520 12244 208
1184 10974 36
14474 9148 4
10292 12139 4
12795 13392 29
4582 8317 25
11248 6627 13
4840 12139 4
7901 11899 40
1913 366 10
1913 1383 10
12856 3808 136
9369 75 8
2339 7736 8
1389 11671 4
9245 7584 4
12502 5509 41
11425 12445 8
14301 12106 41
845 7584 4
1328 8339 10
13668 11671 4
11832 2734 4
3573 6420 4
1952 11671 4
3944 11761 8
13898 6732 10
13898 5636 10
3608 4604 10
3600 12027 8
8876 3087 8
3475 5151 4
9541 7584 4
11246 6164 36
9201 9016 40
7048 3625 8
7529 9259 10
8878 1748 4
6018 9640 13
6061 5151 4
411 11671 4
14331 12220 61
4950 11671 4
65 11387 4
552 14203 10
10690 11924 131
5844 7872 8
4137 11671 4
6384 12715 131
7516 13594 31
13799 4301 57
8057 4679 8
1061 11671 4
3673 1739 41
13967 10192 41
2356 2630 29
12590 6216 90
9222 6101 40
608 5976 120
13322 9994 79
834 9148 4
10241 13171 81
3173 5295 4
6870 8126 4
10751 10008 10
2207 11873 36
7987 5150 10
1798 3447 4
4402 1748 4
14477 13392 29
11655 1383 10
9906 3578 10
3027 10208 10
7233 13253 57
5502 9148 4
1179 575 57
13395 1733 4
12179 11671 4
13171 3509 10
12170 3779 8
2446 6314 25
1112 9730 8
3348 4614 56
3852 5616 31
11656 2630 29
14104 4574 13
8847 9595 13
7960 12220 61
6078 2272 13
9422 4301 57
6789 9782 8
12389 4067 13
12389 14032 13
2214 10386 13
11221 2548 8
12273 5451 188
7279 341 13
7279 12336 136
2429 6813 10
2674 12541 40
8364 109 25
2671 9148 4
3899 2446 8
14241 5473 4
9403 784 13
13049 12002 41
8387 13392 29
12321 13187 10
3033 11671 4
3687 10993 41
3014 6621 10
14276 12333 10
5068 10033 8
678 2548 8
3100 6552 4
3313 5330 41
2822 11671 4
4661 1343 13
8347 14104 31
3969 4602 10
3969 12365 10
13740 7584 4
4369 7872 8
856 13671 61
10507 12389 31
13650 334 4
5957 1488 10
13012 11671 4
11518 1246 40
5285 10899 10
5285 2094 10
9590 1084 10
7398 4305 13
4386 8737 36
11761 8357 25
6441 2079 56
6441 12445 56
11923 11780 10
8294 13392 29
7294 11085 4
10756 1701 57
2418 1387 4
10858 5151 4
6191 12389 31
6191 8513 8
12482 7584 4
11543 9148 4
4391 7735 36
5897 11671 4
10472 11023 120
9454 7663 31
12231 13662 83
10238 1733 4
14065 6552 4
2954 5656 10
1359 9960 41
6866 12855 41
12892 1895 57
1415 2849 10
2600 10189 40
2600 11821 40
3863 5006 36
9435 13392 29
10033 11333 25
4282 12389 31
353 5151 4
13872 8461 41
91 13392 29
3035 13148 13
9486 12389 31
5456 12139 4
1297 13189 10
12673 6075 41
8026 3824 208
3018 4279 4
12304 2605 61
10952 3087 8
3876 11671 4
3846 7584 4
13291 5656 10
4026 9406 29
10357 685 8
10129 4993 4
11218 13392 29
7438 8725 120
5047 12654 4
10292 11671 4
6430 8847 31
4582 3507 25
2607 7684 29
2613 1958 10
5062 1748 4
6277 6711 8
11449 3616 90
3509 1733 4
448 7872 8
3746 13392 29
2966 59 10
9056 4335 201
4965 6213 10
13542 805 56
6409 12664 13
13063 3837 13
4004 12389 31
4004 6193 8
7828 5151 4
13007 9782 8
7168 12389 31
1965 5831 41
4818 805 56
11968 1748 4
7048 3087 8
10067 11671 4
5856 6912 25
13856 8753 25
9870 11671 4
6253 1733 4
552 6660 10
13118 5566 29
6178 11036 36
2466 10536 13
3770 9688 4
6325 12715 131
2588 5151 4
9472 9303 10
11541 13392 29
2187 13546 57
4522 13392 29
10875 13392 29
8787 2471 57
8067 11144 13
5985 2492 4
11510 5151 4
13043 13392 29
13632 12614 120
8178 575 57
10882 13392 29
12294 367 10
7987 9558 10
2396 4279 4
14512 14512 25
13070 11892 188
13535 6195 61
12174 3632 10
710 10951 4
11999 7872 8
3701 12022 10
5144 5295 4
1807 11671 4
6564 2481 79
9743 4762 36
8476 4438 25
11963 5856 8
7841 5855 128
3256 14184 13
11280 2456 13
4899 13594 31
13171 1685 10
3132 11792 8
4751 3018 10
10306 5295 4
13504 7004 128
862 9205 10
13830 1733 4
8059 4946 4
1995 13392 29
2450 5322 36
10730 8847 31
2295 5856 8
6140 6572 8
325 12635 188
14104 506 13
8260 75 8
1854 4946 4
2771 5852 36
2771 11970 36
3726 9396 56
264 5295 4
3061 9782 8
4079 4279 4
12389 8368 13
12389 7992 13
6149 8716 40
4045 6208 120
12273 2986 188
2254 5151 4
13148 4202 13
10334 9300 13
2429 8015 10
7263 11387 4
4853 9148 4
4494 9994 61
7309 13617 10
14385 11735 10
11232 12541 10
7682 1322 4
8043 14496 13
9403 6705 13
4966 13392 29
3676 2689 8
11264 9148 4
3517 13688 188
1541 2548 8
14136 11387 4
10826 10522 10
13152 6036 61
3969 9556 10
3969 8170 10
3969 5967 10
3969 2760 10
3969 11918 10
3969 12252 10
3332 4776 8
7877 6757 13
14195 12389 31
8231 11671 4
4879 14104 57
13290 3205 10
13290 4 10
13290 2094 10
4483 5282 10
5285 6052 10
14186 1748 4
8836 5198 41
3499 9238 10
10321 5151 4
13991 11671 4
10982 14151 4
109 10033 8
8740 8877 10
12845 4794 41
3489 13594 31
14110 10033 8
13568 8016 10
2630 7044 128
9942 14104 31
12979 6552 4
12617 6193 8
5147 5295 4
12082 2079 8
4722 9304 4
2229 1084 10
3873 10558 36
3873 8666 36
1067 1387 4
11899 7584 4
9965 11671 4
2600 11781 40
14152 3455 13
10822 3606 10
10033 3120 25
14501 6552 4
21 5801 10
21 8280 10
21 12522 10
3035 1692 13
2982 13392 29
8127 9232 36
9664 3087 8
5635 11354 120
3486 13594 31
4412 4361 10
4065 14143 8
8906 8126 4
11538 4776 56
14517 6014 81
3971 2816 36
1652 3521 13
2909 11082 4
13755 8496 4
9945 13157 128
13291 11116 10
10051 9148 4
3912 75 8
4582 7989 25
8303 2223 10
14424 5433 40
2468 3768 57
5143 11671 4
10921 13392 29
2966 2263 10
12767 7070 13
13059 11671 4
13361 2429 81
9282 12155 56
6877 1748 4
1106 1748 4
576 1748 4
1710 2995 4
9550 3087 8
9029 8478 41
13840 9148 4
6831 9148 4
8359 9994 79
11177 13392 29
13281 2077 41
12260 9994 61
575 9949 13
1289 1748 4
10219 14463 81
5302 6786 188
5302 12812 188
8016 11387 4
8506 14112 36
8506 3283 36
456 1748 4
456 11671 4
4383 5521 41
10635 11671 4
14308 5209 162
10882 9782 8
7987 11677 10
3621 3914 13
7070 10458 13
11094 6727 13
4991 6552 4
4825 13377 10
7645 13231 41
6954 12627 4
7888 6552 4
4103 7584 4
805 12153 25
2989 5295 4
7132 13594 31
146 10033 8
10592 8100 4
13417 12139 4
3348 13919 56
232 9606 4
1805 10951 4
5226 8282 57
7875 11671 4
14104 11770 13
12094 7206 83
666 9782 8
6485 9148 4
2762 12222 25
12389 8452 13
3208 4577 41
5810 4279 4
5468 8688 36
13825 5151 4
9419 1733 4
11297 7279 100
12303 7584 4
2429 2938 10
9827 6552 4
9696 7736 8
13195 7584 4
9581 13392 29
499 3881 61
7178 4269 41
7926 1733 4
9695 8513 8
3194 13392 29
13773 5504 41
7328 1598 41
3014 6947 10
3014 14263 10
6087 8513 8
7589 5490 10
12330 9236 10
5214 11834 13
8987 7584 4
2307 9148 4
3969 1246 10
3969 3886 10
3969 2363 10
3969 4666 10
3969 4151 10
1097 7778 10
6936 484 41
13290 12934 10
11518 9790 40
11518 3272 40
9679 7584 4
14118 8336 128
7829 1748 4
3303 10033 56
8707 8417 81
11841 12445 8
7416 2630 29
12807 75 8
4391 7321 36
8417 6837 10
13568 7321 10
13568 2760 10
4741 6292 10
6086 1863 4
5372 5295 4
13080 12218 40
10664 4993 4
8793 12389 128
5277 3339 4
1359 9688 4
5042 4301 57
12445 4117 25
6379 12356 201
7125 3339 4
10531 2429 81
4908 6552 4
12620 13148 128
2600 9415 40
5811 9782 8
8165 66 4
1612 1039 36
21 5224 10
10527 7859 10
2321 1143 57
6654 13124 41
5816 11671 4
12234 9782 8
1890 10033 8
3018 1863 4
14517 10798 10
9460 1822 36
3101 13345 56
4023 10033 8
32 8513 8
911 11671 4
922 8065 40
2122 12654 4
5773 13309 81
13265 13392 29
13475 13392 29
14318 5185 13
7207 9148 4
14424 14410 40
7272 1245 4
10138 7872 8
8083 5856 8
5487 5482 136
9676 6956 8
14192 11387 4
10964 13594 31
8769 11671 4
6777 6711 8
12337 7105 13
8688 5151 4
9924 13546 57
12384 1900 8
956 12872 8
14102 11671 4
2794 11657 13
11764 5692 10
10544 12473 120
11246 10553 36
4373 3018 10
11515 518 56
8971 9688 4
11499 9148 4
9897 3998 128
8254 5903 13
552 6365 10
954 7739 41
13850 5151 4
6259 12336 136
7140 5151 4
10962 9782 8
10911 4956 56
11704 1929 36
9054 2390 8
6418 12784 13
7987 1929 10
8992 5151 4
13535 13671 61
560 8316 100
6012 13148 208
10063 11671 4
5299 13063 31
7645 1387 4
10660 2327 8
12783 5209 162
3297 11671 4
10155 6630 8
13154 11228 8
805 3270 25
805 3310 25
4751 3283 10
4751 10324 10
2388 7070 31
10885 2390 8
146 4679 8
4140 12139 4
12768 8842 40
862 5769 10
2673 1387 4
7213 6552 4
1806 8418 10
11941 5115 188
8372 4257 61
11115 7584 4
10731 1733 4
7748 5856 8
286 2146 81
4079 1733 4
8065 7584 4
12389 10880 13
12389 1814 13
12389 2042 13
12389 12066 13
12389 11898 13
6149 878 40
10781 11667 208
8607 3588 36
1939 8847 31
1711 6253 10
2429 5123 10
10122 6943 40
11900 10707 8
9403 7071 13
8387 13403 8
6032 6552 4
8297 5151 4
14132 5578 100
11940 1122 13
1079 2024 29
2858 9466 36
11910 1733 4
360 2597 31
1362 2022 13
2294 3747 29
5975 11780 10
2775 11671 4
11020 3477 57
3969 3846 10
10813 11387 4
9475 10033 8
8950 4993 4
6736 9148 4
4989 11671 4
12844 75 8
4302 8364 29
7512 5856 8
3609 2689 8
2889 635 136
14402 738 10
8460 9148 4
3499 7103 10
1120 5134 10
3276 7481 4
8656 8151 10
10977 12139 4
3561 1863 4
2503 12715 131
9721 11671 4
424 13392 29
7149 10796 25
5157 11671 4
13080 4977 40
7226 5740 4
1720 12872 8
2782 10033 8
7171 5295 4
5415 8513 8
12445 7785 25
2292 13392 29
7586 4301 57
2111 11671 4
105 13620 29
13050 2481 79
1092 9175 8
3863 4129 36
10033 7728 25
5709 5740 4
13346 8270 57
12483 14034 4
1297 3969 81
5265 9148 4
656 4946 4
1259 9688 4
9324 1245 4
14517 5285 81
1567 7872 56
11891 12445 8
4006 5856 8
14242 9782 8
3997 5295 4
1652 3654 13
13789 9104 79
2567 5338 131
11740 11229 8
11740 9782 8
652 9184 10
9755 13392 29
14387 4279 4
3551 2079 8
12056 6646 57
2077 11387 4
10129 5151 4
10965 1900 8
1679 11671 4
6550 75 8
922 4329 40
8344 12445 8
3803 8590 13
11171 4076 41
13523 13392 29
3926 8418 10
420 9782 8
2410 6919 8
12129 9557 4
1325 7684 29
11348 11671 4
5778 7584 4
837 5870 41
4091 10033 8
7049 6552 4
14422 75 8
4710 11671 4
13576 9148 4
6015 8079 13
3608 3432 10
11416 6366 41
6240 8875 36
12762 6061 41
7510 172 100
7529 2027 10
12947 59 10
9706 4397 56
7898 5856 8
5359 2689 8
6667 8123 10
6061 5295 4
3792 5151 4
12485 1245 4
11475 7893 36
5059 1624 10
1539 5856 8
11714 1458 10
10219 10059 10
5947 5150 36
5768 11671 4
12134 4946 4
10798 1733 4
11137 5957 81
8483 7469 40
5491 6552 4
11588 13083 4
12509 3087 8
6418 12267 13
7111 582 188
14055 11813 25
7987 3514 10
6069 6552 4
14298 13615 8
5254 5856 8
11779 2262 40
5496 743 29
560 3011 100
12480 9782 8
14330 75 8
12532 2390 8
6141 10033 8
12549 12139 4
7645 11671 4
7561 12466 36
14475 5113 13
10064 10951 4
14271 4776 8
12542 3447 4
805 9499 25
9624 11671 4
8418 11671 4
7227 11671 4
5917 11671 4
12218 4279 4
14104 12533 13
12094 9652 83
1201 6781 83
8234 7370 79
4266 6552 4
3601 10033 8
4079 9148 4
12389 3482 13
12389 4013 13
6149 9236 40
6149 11116 40
12273 6541 188
12273 13518 188
9351 9148 4
10870 3808 136
2513 7872 8
11147 11924 131
13785 1173 41
12696 11671 4
2638 11671 4
3174 13392 29
7441 6646 57
9403 12099 13
9403 4473 13
12121 13005 201
11230 6403 13
14453 9742 120
14132 10260 100
767 5151 4
360 10033 8
13254 10033 8
4047 14027 13
1594 14459 81
12330 12218 10
12049 4946 4
1991 9212 4
7258 3808 136
5214 11170 13
1111 12445 8
12966 5825 10
9921 3625 8
7739 12139 4
5285 4916 10
237 5151 4
11223 12139 4
6290 4679 8
1697 959 36
1402 3662 10
6161 10197 8
6806 2481 61
109 13403 8
4301 5436 13
3561 11387 4
2147 9688 4
11841 75 8
5525 615 4
13431 13392 29
11818 12445 8
11952 1642 139
8424 1895 57
13104 2492 4
6393 6036 61
8374 2762 8
8348 6477 131
3767 13594 31
10011 7372 41
10137 1821 10
13600 14255 25
1028 75 8
8250 10635 36
3246 9148 4
13232 13671 61
14529 1748 4
7609 11671 4
9293 9816 57
12976 12389 31
395 13392 29
884 2112 181
12929 4614 56
6098 11671 4
10146 3938 81
10033 14043 25
10033 7073 25
10980 11671 4
21 10565 10
21 8015 10
1365 9782 8
6597 9148 4
9990 2327 8
12068 14143 8
3512 11361 13
12354 11671 4
13045 12139 4
9267 7684 29
11785 2471 13
4350 11671 4
8617 685 8
6872 12139 4
652 9724 10
14389 13671 61
7096 10421 10
12056 13620 29
3052 7370 79
4016 7231 4
4582 10353 25
7285 11671 4
12573 1842 4
7435 9435 25
11309 13392 29
13034 8679 41
1123 367 10
6770 3573 41
2966 7340 10
9463 11671 4
12837 1387 4
12767 14229 13
13349 9782 8
11209 610 128
1739 2465 230
1015 5151 4
1207 13392 29
4675 10033 8
12584 13670 10
8749 6477 131
1140 1863 4
3817 13392 29
6018 4942 13
6179 628 41
14079 9175 8
4460 5508 57
533 6552 4
13118 5856 8
8582 8513 8
11752 13392 29
1603 2226 57
9069 7370 79
2076 13231 41
954 9235 41
3978 12389 31
4539 862 81
14448 8842 40
9519 8859 29
835 1748 4
6242 14034 4
14088 10033 8
8551 2284 25
11336 11671 4
11018 10089 10
3660 8513 8
2207 10153 36
7987 13025 10
7987 6152 10
14353 12880 81
2290 1733 4
962 290 61
5653 11981 4
12420 11671 4
8264 11750 13
7656 12139 4
9185 4570 41
9112 9304 4
10187 6423 41
4294 9148 4
7684 13089 128
11773 13284 120
13561 4279 4
3577 11671 4
1033 5667 4
13111 9424 29
12811 5151 4
1533 8793 166
8255 2327 8
10883 9782 8
14172 7975 36
11391 8847 31
12389 9064 13
12395 2481 61
10334 337 13
1711 11716 10
2429 715 10
2429 13992 10
9597 11346 36
12568 7684 29
1001 13803 57
1414 1387 4
5710 12688 40
1234 12445 8
8803 11671 4
12614 3983 13
4067 9994 61
4866 5151 4
10117 3715 208
5890 10033 8
2273 8513 8
2273 805 56
9403 11155 13
9445 1748 4
5117 4189 41
6850 7988 13
3629 5151 4
8187 4279 4
3392 8468 57
1211 12139 4
13392 8336 128
3014 4051 10
854 9985 131
3258 7641 8
13906 6552 4
12330 11987 10
12330 8015 10
12330 4686 10
5214 10260 13
7033 733 36
5425 9148 4
3969 7609 10
3969 12393 10
1659 6193 8
4764 13392 29
3982 4993 4
10507 13392 29
5664 1387 4
9704 12627 4
6936 13305 41
11518 3210 40
11518 239 40
970 9782 8
5784 7361 10
11241 1675 41
9590 4869 10
9024 13049 41
3011 10548 13
11644 5300 57
3642 7995 13
12746 9212 4
8656 7958 10
7767 13605 4
11923 5134 10
6 13392 29
10644 5778 36
4046 14044 41
592 12139 4
11844 12572 8
715 11671 4
12396 11671 4
12921 5209 131
14000 2689 8
9960 13759 41
4189 4269 41
7188 13620 29
5825 12627 4
10395 3625 8
2600 11337 40
2329 75 8
13338 8126 4
3863 1929 36
13943 9304 4
10033 14110 25
6867 913 10
1044 7584 4
844 8847 31
5262 14375 36
1943 75 8
4570 66 4
13660 1908 10
5470 8576 10
1914 1748 4
3574 4541 4
8385 8856 10
8026 11365 208
7475 11671 4
249 12389 31
4757 11671 4
3511 12445 8
5073 1723 56
3551 13392 29
12624 10033 8
3846 1733 4
11158 1387 4
4947 6552 4
10574 11764 81
1172 8656 81
4582 7944 25
8303 8469 10
4486 11671 4
3176 1246 36
10276 9601 10
7735 7584 4
2277 4301 57
5204 12993 29
10322 10033 8
3632 9688 4
13541 6365 36
1195 3741 36
4965 5614 10
6409 13579 13
8396 6825 120
604 5205 13
6877 1387 4
6921 13671 61
1770 7370 79
11927 7584 4
3471 3809 29
13977 2630 29
5650 5209 131
1640 11671 4
4315 12139 4
11163 7792 40
3596 9994 61
1159 7435 8
11308 11792 8
11296 8432 29
6207 6036 61
3296 7872 8
10409 9688 4
11475 3710 36
10898 10250 181
1986 11671 4
11207 7641 8
4867 7054 41
14 13392 29
12569 11671 4
10910 13392 29
7726 9397 56
6752 1120 81
13180 9212 4
3520 9994 79
9405 3306 41
2070 7641 8
13089 8530 136
9222 2760 40
4225 13889 41
13493 12389 31
4642 9688 4
180 9148 4
4001 12443 13
12916 10629 13
2207 2816 36
7987 3499 81
7987 4666 10
7987 9316 10
9524 13392 29
13001 11671 4
11779 10632 40
1624 334 4
6014 3144 10
9906 8245 10
11963 13392 29
8696 9985 131
10187 10797 41
3251 10033 8
8097 5134 10
2534 7707 13
5272 9782 8
6385 5031 4
1176 4776 8
9843 7872 8
10582 9405 41
805 7233 25
6814 9042 4
5868 9403 57
12736 13392 29
2092 9273 90
862 4604 10
12948 12872 8
6455 13392 29
2596 8051 29
10167 9148 4
10523 9688 4
11503 1895 57
10883 5856 8
2589 517 56
14463 10706 81
3681 12294 81
12389 14418 13
6257 66 4
5468 170 36
9419 11671 4
11297 8596 100
11639 11664 13
1711 2449 10
1711 7695 10
8090 1387 4
2828 4679 56
999 4279 4
2923 5151 4
4180 6552 4
12210 5856 8
10496 4372 8
3687 5330 41
3517 4224 188
6288 11893 201
9554 5984 41
7589 6292 10
1217 5295 4
4661 10334 13
3969 3322 10
3969 6772 10
3969 7708 10
12615 5856 56
5048 13594 31
7221 1846 13
1717 9994 61
6936 8433 41
13290 5769 10
5285 3929 10
14465 6552 4
12133 12336 136
13463 11671 4
4172 6036 79
2877 290 61
1149 8737 36
944 4279 4
12090 4738 57
14346 11671 4
10776 9688 4
13164 1250 139
9667 11767 36
2442 13392 166
8124 6552 4
13909 5191 36
11805 5361 13
4447 9212 4
451 10410 128
8567 13594 31
9259 14010 4
13212 6711 8
1021 12139 4
9882 5636 40
9237 75 8
10531 3969 81
7188 13392 29
10979 11671 4
11358 9688 4
10033 1159 25
7679 3339 4
3121 5856 8
13436 5137 8
5399 6354 10
13660 1822 10
2237 11387 4
8385 10132 81
9386 13110 8
1444 3087 8
9485 994 61
4500 10974 36
11078 11671 4
4269 1691 41
922 6385 40
922 100 40
12686 10033 8
6656 1739 41
6656 3673 41
13534 75 8
2004 7584 4
1325 10033 8
1389 5151 4
5330 6420 4
3752 13392 29
3509 2876 4
3237 5209 131
9674 5151 4
6989 11761 8
3422 290 61
356 5692 40
3098 6552 4
13361 21 81
4802 1723 8
1388 13171 81
3318 8126 4
7727 21 81
5093 9148 4
11764 2848 10
8480 1863 4
4373 7378 10
4373 10037 10
2149 12336 136
10336 7894 41
12077 5566 29
575 869 13
4432 652 81
11714 14112 10
6986 7370 79
3668 5151 4
388 9148 4
552 10391 10
552 8971 10
2549 13187 36
744 5151 4
5197 10033 8
11037 6356 100
8207 5151 4
14417 6711 8
5248 1748 4
1316 9789 8
484 8679 41
7054 628 41
7054 837 41
10785 7584 4
2207 4531 36
7987 301 10
5019 7398 31
1177 596 36
2998 6552 4
5951 3573 41
12039 13083 4
7660 2548 8
6014 3373 81
8051 6948 128
9112 11981 4
11872 5052 41
3027 12896 81
2586 10033 8
5502 12139 4
1411 1733 4
9764 5856 56
9070 11671 4
4751 4019 10
333 12139 4
13505 6552 4
9391 3339 4
12266 11671 4
10124 5856 8
10284 5620 10
2212 11671 4
2209 5151 4
5593 8513 8
6140 7906 29
3394 1723 8
4340 11671 4
2963 7598 40
13251 7584 4
4489 3087 8
10553 1863 4
92 750 13
1911 12872 8
12389 2161 13
12389 7439 13
12389 3861 13
12389 394 13
6149 8016 40
5122 6552 4
12273 7148 188
2243 8375 29
4735 13546 57
4735 9740 8
4735 5566 29
11297 12244 100
14125 66 4
2429 10974 10
9169 5566 29
2158 5151 4
7097 13392 29
14385 10008 10
9061 2481 61
3414 2597 31
10938 9466 10
4773 9782 8
10934 12139 4
253 13392 29
6595 7370 61
2213 12445 8
2213 6312 29
6618 11671 4
14491 12005 57
8453 12569 10
4310 7020 10
170 9212 4
1211 6552 4
3014 8307 10
6869 8856 10
1362 2050 13
4877 9782 8
1433 9148 4
3313 12002 41
2457 7365 36
1934 11671 4
3969 2396 10
4843 13083 4
13290 8248 10
13290 8292 10
29 13392 29
4009 6036 79
12356 6769 13
1120 5399 81
8656 13763 10
6324 5151 4
12616 5151 4
10644 8398 36
13455 7604 13
13203 12389 31
1734 13615 8
11805 4985 13
10611 5151 4
1028 10033 8
3066 11671 4
10132 54 10
3873 3000 36
3873 8693 36
7188 5856 8
7894 14198 41
11976 1895 57
10033 2798 25
1612 1685 36
1612 3846 36
4253 2390 8
384 11671 4
8713 1863 4
13389 6552 4
3391 11152 40
3212 13392 29
14246 6477 131
9460 9108 36
11663 7372 41
6591 1842 4
3511 10033 8
12723 13546 57
1853 9148 4
2829 11671 4
13890 635 136
7901 13536 40
12149 9688 4
3300 12139 4
14150 11671 4
633 11671 4
2966 8315 10
9056 12699 13
4576 12389 31
5118 1863 4
8946 10033 8
14282 10033 8
10821 11387 4
9029 2158 41
9907 575 57
7101 13504 166
11246 12277 36
11792 8683 25
4373 3969 81
2667 7216 36
7134 11671 4
13205 13620 29
14178 9688 4
2146 8810 10
388 8496 4
552 7090 10
8469 7352 4
3673 6420 4
954 10289 41
2000 9789 8
13769 1733 4
4001 11091 13
2240 10033 8
789 5295 4
7987 12120 10
7987 11337 10
14406 9075 4
8918 11387 4
9886 4279 4
5200 10033 8
2754 13392 29
5254 75 8
8206 10372 36
11094 11203 13
1757 2800 8
8461 11869 41
4657 7370 61
13718 9148 4
13993 1084 10
2962 9148 4
9387 11761 8
805 12844 25
805 12062 25
805 7002 25
9789 4718 25
5826 3389 57
13158 7370 79
1872 9273 90
2209 9148 4
8552 11671 4
100 7584 4
14430 1748 4
4551 12389 31
3648 2446 8
13601 8954 29
346 5295 4
5895 6552 4
1081 9994 79
4012 11671 4
12201 13392 29
5527 13083 4
3354 7584 4
8546 3779 8
2221 1496 4
2221 11671 4
12691 8513 8
1711 426 10
14367 14143 8
657 7052 4
8588 12389 31
13087 1895 57
14260 8844 36
9581 7872 8
9581 7906 29
4714 11671 4
7178 4197 41
5172 3339 4
14132 3998 100
10055 11667 120
3014 2122 10
13220 13615 8
549 9304 4
4158 6418 208
7935 12746 36
801 1451 41
1362 8355 13
13348 6193 8
5764 13919 56
695 12000 8
974 8277 36
12079 9236 40
7397 11671 4
3969 6157 10
3969 4656 10
9157 6857 120
13641 5295 4
8064 12393 36
13868 5151 4
9525 10033 56
5285 7795 10
5285 7361 10
10598 12139 4
4532 2995 4
11480 9599 41
13131 11671 4
4301 9603 13
7851 3339 4
10043 11671 4
2147 11671 4
4207 7584 4
6961 11947 131
8193 891 166
9667 6343 36
14110 13392 29
12540 10033 8
8175 411 10
5317 720 10
13188 5373 36
2205 3339 4
13080 1799 40
2750 9985 131
3380 5295 4
4233 11396 10
12396 9148 4
9791 1748 4
10311 743 166
10137 5649 10
10300 13392 29
14235 9148 4
1773 6036 79
10531 10771 81
2384 11671 4
4644 5052 41
8412 11387 4
4488 6552 4
3863 6233 36
10033 11247 25
11667 1651 13
3035 1004 13
3391 7674 40
3576 13392 29
9663 11671 4
10952 13620 29
760 11671 4
1173 10813 41
13885 4397 56
3846 9148 4
2250 5562 4
10404 6711 8
9808 9148 4
4941 9616 90
5773 3669 10
10169 14104 31
10276 1725 10
6862 11671 4
6604 13063 31
9242 2936 10
7006 1900 8
73 11671 4
3741 4946 4
3886 12139 4
775 12654 4
11643 3294 13
607 8793 166
13529 6919 8
2597 7453 13
6002 13392 29
2667 2900 36
2667 7378 36
10409 4279 4
11475 8329 36
11475 5488 36
13594 14244 13
13426 3621 120
14228 11671 4
6356 12336 136
6556 13392 29
9641 14010 4
5947 3581 36
10066 12139 4
12982 6552 4
9124 6711 8
11426 8847 31
5331 3087 8
12867 6890 8
13322 7370 79
8423 9782 8
1616 7736 8
11018 9906 81
6071 2597 31
3356 4451 13
9256 5856 56
1735 5295 4
3701 9995 10
1812 11671 4
13039 7584 4
9906 6772 10
12701 6562 13
10855 3447 4
7684 13545 25
11191 13392 29
13171 3632 10
10072 6646 57
805 1439 25
6608 3339 4
1182 10008 36
9020 4956 56
12884 7370 61
1872 11357 83
6228 12139 4
8631 9994 79
10883 6711 8
1806 5448 10
12094 13148 100
6421 9104 61
2963 5810 40
11186 12139 4
12853 11671 4
7748 75 8
12389 442 13
12389 112 13
12389 14403 13
741 12389 31
3138 10337 4
14531 12627 4
2429 11767 10
2429 2486 10
14256 13392 29
5656 7584 4
3452 5856 8
7299 5151 4
798 9688 4
2273 10033 8
11232 6598 10
5171 13392 29
9778 5151 4
8892 13392 29
11625 11671 4
14491 2689 8
10160 13392 29
12321 12876 10
14120 655 29
2858 11575 36
3100 8126 4
5975 14402 81
10778 3625 8
3969 665 10
6452 10033 8
1663 9782 8
7300 6385 36
11518 5320 40
7649 10951 4
8269 5856 8
5696 11671 4
8981 10381 8
944 11671 4
784 13671 61
11923 14091 10
538 7684 29
12329 1863 4
4318 10008 36
4391 4731 36
8417 5925 10
13909 7374 36
14252 5856 8
8670 11671 4
8250 4597 36
682 9304 4
13258 6036 79
4328 75 8
2933 7587 136
3873 2813 36
691 12445 8
2921 7467 10
9683 6036 61
896 3272 10
12929 4776 56
221 13392 29
10033 10322 25
10106 805 56
21 9331 10
4375 4279 4
13763 11671 4
3035 4792 13
2126 3635 4
3391 3283 40
359 8302 10
12704 5151 4
9478 13392 29
9395 8116 10
12725 2548 8
4006 9782 8
652 4704 10
12056 11792 8
376 9148 4
1184 1712 36
3891 13919 56
10965 12993 29
3948 1458 10
922 8872 40
922 6549 40
5788 12767 208
14177 6552 4
11893 12336 136
248 9148 4
4864 4430 8
2613 1123 81
8503 5151 4
6604 13392 29
4967 13392 29
2176 6711 8
1123 297 10
2966 12936 10
1195 2936 36
12254 6919 8
14306 13759 40
10282 467 10
2206 5856 8
1423 9782 8
13603 1723 8
6657 12395 13
6657 11723 13
13604 11228 162
10625 1587 8
13222 8679 41
9638 1733 4
14094 9782 8
6240 228 36
8516 2027 10
1159 12389 31
13153 4279 4
12554 12522 10
3270 7872 8
4597 1733 4
8872 4279 4
13760 6711 8
9754 13671 61
9572 8516 8
11207 13392 29
411 9212 4
8994 6711 8
11637 7446 13
13594 12632 13
7147 14034 4
7755 9148 4
12414 12389 31
9100 2481 61
6325 9985 131
8226 7041 36
275 13535 13
11351 12572 8
5176 9212 4
5248 9148 4
9955 11387 4
9054 13392 29
8037 5151 4
7750 9148 4
7987 8151 10
5729 12139 4
3906 3339 4
8580 1748 4
10647 3909 10
10647 12757 10
11224 10033 56
7187 8873 131
7009 1863 4
3701 2936 10
8709 5856 56
12480 7685 57
12480 10033 8
513 13162 41
805 1918 25
13504 6948 128
146 6890 8
11559 12139 4
325 3130 188
9680 687 139
3483 52 41
7002 2548 8
5182 75 8
7566 10033 8
7514 4430 8
7797 6919 8
1544 13443 40
13914 11671 4
